Filter 0
Pos	A	C	G	T
0	0.3929859719438878	0.11482965931863727	0.12034068136272545	0.3744488977955912
1	0.35130260521042084	0.11072144288577154	0.16402805611222446	0.3765531062124248
2	0.5401803607214429	0.11783567134268537	0.20801603206412825	0.13657314629258516
3	0.5581162324649298	0.05330661322645291	0.16082164328657314	0.23036072144288577
4	0.4288577154308617	0.07314629258517034	0.14649298597194388	0.3541082164328657
5	0.4132264529058116	0.12965931863727456	0.1187374749498998	0.34098196392785574
6	0.2507014028056112	0.08236472945891783	0.1339679358717435	0.5355711422845691
7	0.3786573146292585	0.1092184368737475	0.16903807615230462	0.3456913827655311
8	0.486372745490982	0.14298597194388776	0.13797595190380763	0.23527054108216433

Filter 1
Pos	A	C	G	T
0	0.2640973630831643	0.10902636916835699	0.10882352941176471	0.5276876267748478
1	0.17170385395537524	0.1636916835699797	0.1567951318458418	0.5174442190669372
2	0.2081135902636917	0.14949290060851927	0.17677484787018255	0.47525354969574035
3	0.364604462474645	0.14198782961460446	0.2125760649087221	0.29046653144016227
4	0.4672413793103448	0.07494929006085192	0.17718052738336715	0.29026369168356997
5	0.34634888438133876	0.09908722109533469	0.1422920892494929	0.42190669371196754
6	0.2735294117647059	0.1550709939148073	0.16602434077079106	0.4150101419878296
7	0.34087221095334685	0.13154158215010142	0.1325557809330629	0.40466531440162273
8	0.41632860040567954	0.150709939148073	0.10192697768762678	0.34066937119675456

Filter 2
Pos	A	C	G	T
0	0.3590338164251208	0.06666666666666667	0.15671497584541064	0.38743961352657
1	0.40647342995169083	0.10009661835748793	0.1314975845410628	0.3317874396135266
2	0.58	0.12405797101449276	0.09256038647342996	0.17323671497584542
3	0.4688888888888889	0.14009661835748793	0.06618357487922705	0.2946859903381642
4	0.5467632850241546	0.09922705314009662	0.04028985507246377	0.28357487922705316
5	0.5182608695652174	0.07951690821256038	0.03632850241545894	0.3357487922705314
6	0.47101449275362317	0.15159420289855072	0.07236714975845411	0.2748792270531401
7	0.36135265700483093	0.11903381642512077	0.0944927536231884	0.394975845410628
8	0.519903381642512	0.07033816425120773	0.10792270531400966	0.27169082125603866

Filter 3
Pos	A	C	G	T
0	0.38161530286928796	0.14091392136025505	0.11137088204038258	0.3598299681190223
1	0.3929861849096706	0.1689691817215728	0.18586609989373007	0.2459086078639745
2	0.389798087141339	0.15887353878852284	0.09458023379383634	0.35047821466524975
3	0.39659936238044635	0.14750265674814028	0.11902231668437832	0.330605738575983
4	0.2765143464399575	0.22603613177470777	0.23698193411264612	0.2541976620616366
5	0.3708820403825717	0.11434643995749202	0.17236981934112647	0.3361317747077577
6	0.5280552603613178	0.05579171094580234	0.19096705632306057	0.21891604675876727
7	0.40170031880977686	0.09574920297555792	0.11732199787460149	0.3789585547290117
8	0.22805526036131774	0.08703506907545165	0.1718384697130712	0.5068012752391073

Filter 4
Pos	A	C	G	T
0	0.2701244813278008	0.13392116182572614	0.09263485477178424	0.504460580912863
1	0.3038381742738589	0.11784232365145228	0.15591286307053942	0.42354771784232365
2	0.4575726141078838	0.13526970954356846	0.14948132780082987	0.25881742738589214
3	0.49813278008298756	0.06358921161825726	0.10020746887966805	0.3392116182572614
4	0.5483402489626557	0.046680497925311204	0.0770746887966805	0.32904564315352697
5	0.3216804979253112	0.06109958506224066	0.18360995850622408	0.43475103734439835
6	0.3215767634854772	0.07821576763485477	0.1813278008298755	0.4200207468879668
7	0.2932572614107884	0.12977178423236516	0.09294605809128631	0.48516597510373444
8	0.3008298755186722	0.1449170124481328	0.2241701244813278	0.3312240663900415

Filter 5
Pos	A	C	G	T
0	0.4571705426356589	0.15058139534883722	0.13614341085271317	0.2446705426356589
1	0.4428294573643411	0.09186046511627907	0.07877906976744187	0.3750968992248062
2	0.3383720930232558	0.15145348837209302	0.11666666666666667	0.3820736434108527
3	0.44777131782945734	0.07684108527131783	0.12248062015503876	0.34147286821705425
4	0.3696705426356589	0.12228682170542636	0.09534883720930233	0.4012596899224806
5	0.3577519379844961	0.15852713178294572	0.16036821705426357	0.3119186046511628
6	0.41288759689922483	0.12403100775193798	0.12306201550387597	0.32858527131782944
7	0.41598837209302325	0.16627906976744186	0.14147286821705427	0.26482558139534884
8	0.6636627906976744	0.14738372093023255	0.1195736434108527	0.057945736434108525

Filter 6
Pos	A	C	G	T
0	0.32216547497446374	0.1975485188968335	0.1355464759959142	0.3450459652706844
1	0.5276813074565884	0.13871297242083758	0.033810010214504596	0.3001021450459653
2	0.632073544433095	0.07814096016343207	0.09305413687436159	0.19703779366700716
3	0.4549540347293156	0.07926455566905005	0.11225740551583248	0.35383043922369767
4	0.33718079673135853	0.10408580183861083	0.06261491317671093	0.4964249233912155
5	0.4041879468845761	0.1274770173646578	0.104902962206333	0.36373850868232893
6	0.36670071501532175	0.15107252298263535	0.18355464759959142	0.2989785495403473
7	0.4823289070480082	0.14433094994892748	0.14116445352400409	0.23248212461695608
8	0.5662921348314607	0.05250255362614913	0.09713993871297243	0.2843718079673136

Filter 7
Pos	A	C	G	T
0	0.3488107549120993	0.06690796277145812	0.17693898655635987	0.3976215098241985
1	0.32078593588417786	0.1686659772492244	0.2293691830403309	0.2714581178903826
2	0.4063081695966908	0.16887280248190278	0.12150982419855222	0.29358841778697004
3	0.39617373319544985	0.13960703205791106	0.13350568769389864	0.32099276111685626
4	0.23195449844881075	0.11737331954498449	0.17445708376421923	0.46649431230610133
5	0.4063081695966908	0.16794208893485005	0.13226473629782834	0.28376421923474665
6	0.45149948293691833	0.17476732161323683	0.1892450879007239	0.17476732161323683
7	0.3168562564632885	0.21809720785935885	0.12264736297828335	0.3326783867631851
8	0.4720785935884178	0.1392967942088935	0.07021716649431231	0.30868665977249227

Filter 8
Pos	A	C	G	T
0	0.4820939334637965	0.13835616438356163	0.16056751467710373	0.21340508806262232
1	0.3321917808219178	0.15019569471624267	0.14001956947162428	0.37201565557729943
2	0.436399217221135	0.07906066536203522	0.04510763209393347	0.43385518590998046
3	0.35146771037181995	0.0961839530332681	0.16800391389432484	0.37876712328767126
4	0.33287671232876714	0.1802348336594912	0.09403131115459883	0.387279843444227
5	0.34148727984344424	0.1238747553816047	0.12886497064579255	0.40019569471624267
6	0.5210371819960861	0.050880626223091974	0.10655577299412916	0.3159491193737769
7	0.2465753424657534	0.10264187866927593	0.18923679060665363	0.45596868884540115
8	0.3971624266144814	0.043933463796477494	0.06448140900195695	0.4888454011741683

Filter 9
Pos	A	C	G	T
0	0.3016460905349794	0.12139917695473251	0.19711934156378602	0.3897119341563786
1	0.25555555555555554	0.12376543209876543	0.18549382716049384	0.44506172839506175
2	0.2532921810699588	0.1573045267489712	0.14948559670781894	0.44979423868312757
3	0.3558641975308642	0.17520576131687243	0.11923868312757202	0.3595679012345679
4	0.41584362139917697	0.1619341563786008	0.10679012345679012	0.3253086419753086
5	0.42119341563786006	0.19269547325102881	0.16069958847736626	0.23528806584362139
6	0.5244855967078189	0.1308641975308642	0.19382716049382717	0.16069958847736626
7	0.39969135802469136	0.14279835390946502	0.1712962962962963	0.2960905349794239
8	0.42602880658436215	0.10020576131687242	0.19238683127572018	0.2912551440329218

Filter 10
Pos	A	C	G	T
0	0.456	0.1208780487804878	0.05892682926829268	0.3897560975609756
1	0.39726829268292685	0.11180487804878049	0.09551219512195122	0.42097560975609755
2	0.40614634146341466	0.13551219512195123	0.13951219512195123	0.344390243902439
3	0.47697560975609754	0.16019512195121952	0.07209756097560975	0.31629268292682927
4	0.551219512195122	0.11746341463414633	0.0775609756097561	0.27931707317073173
5	0.5505365853658537	0.028	0.018536585365853658	0.4284878048780488
6	0.40546341463414637	0.039609756097560976	0.04848780487804878	0.532
7	0.37141463414634146	0.08673170731707316	0.07658536585365854	0.4908292682926829
8	0.37502439024390244	0.0982439024390244	0.11629268292682927	0.436

Filter 11
Pos	A	C	G	T
0	0.5549222797927461	0.0855958549222798	0.0745077720207254	0.2836269430051813
1	0.31637305699481866	0.08103626943005181	0.13129533678756478	0.4699481865284974
2	0.2489119170984456	0.12932642487046633	0.14455958549222797	0.47585492227979276
3	0.24093264248704663	0.09347150259067358	0.19461139896373056	0.46963730569948187
4	0.4203108808290155	0.09119170984455958	0.21585492227979275	0.2712953367875648
5	0.4227979274611399	0.1244559585492228	0.09823834196891192	0.353160621761658
6	0.24290155440414507	0.08487046632124352	0.08787564766839379	0.5830051813471503
7	0.3429015544041451	0.12715025906735752	0.14518134715025907	0.38341968911917096
8	0.34124352331606217	0.14352331606217616	0.11202072538860104	0.40186528497409324

Filter 12
Pos	A	C	G	T
0	0.4685656154628688	0.11759918616480163	0.052899287894201424	0.33906408952187184
1	0.23794506612410987	0.12482197355035606	0.12960325534079348	0.48575788402848424
2	0.2698880976602238	0.18036622583926754	0.20935910478128178	0.3185147507629705
3	0.4438453713123093	0.1501525940996948	0.09104781281790437	0.2930824008138352
4	0.5443540183112919	0.10254323499491352	0.10874872838250255	0.2224821973550356
5	0.3465920651068159	0.13987792472024416	0.1775178026449644	0.3141403865717192
6	0.36286876907426246	0.10030518819938962	0.11586978636826042	0.39908443540183114
7	0.34974567650050864	0.11464903357070193	0.2056968463886063	0.3080366225839268
8	0.2299084435401831	0.10834181078331638	0.20315361139369278	0.43672431332655137

Filter 13
Pos	A	C	G	T
0	0.5013471502590674	0.13233160621761658	0.19595854922279793	0.18393782383419688
1	0.6659067357512953	0.08310880829015543	0.11813471502590674	0.14642487046632124
2	0.4699481865284974	0.05689119170984456	0.13243523316062175	0.354300518134715
3	0.4345077720207254	0.11202072538860104	0.14466321243523317	0.32238341968911916
4	0.2506735751295337	0.11844559585492229	0.19813471502590674	0.44632124352331604
5	0.3210362694300518	0.11202072538860104	0.12953367875647667	0.45098445595854925
6	0.39295336787564766	0.10186528497409326	0.1760621761658031	0.3426943005181347
7	0.44051813471502593	0.1495336787564767	0.13917098445595855	0.2843523316062176
8	0.42093264248704665	0.10476683937823834	0.12031088082901555	0.3675647668393782

Filter 14
Pos	A	C	G	T
0	0.29005347593582886	0.0893048128342246	0.10449197860962567	0.5514438502673796
1	0.3655614973262032	0.09647058823529411	0.12491978609625669	0.44834224598930483
2	0.23368983957219253	0.07818181818181819	0.08834224598930482	0.6350802139037434
3	0.25497326203208553	0.14577540106951872	0.07668449197860963	0.5578609625668449
4	0.32780748663101605	0.05529411764705883	0.11486631016042781	0.5373262032085562
5	0.3247058823529412	0.09828877005347593	0.13315508021390374	0.47914438502673795
6	0.3417112299465241	0.13636363636363635	0.14834224598930482	0.4088770053475936
7	0.37689839572192513	0.1416042780748663	0.14299465240641712	0.37379679144385025
8	0.3849197860962567	0.11561497326203209	0.093475935828877	0.44128342245989305

Filter 15
Pos	A	C	G	T
0	0.608	0.1011	0.1211	0.1773
1	0.4617	0.1402	0.1467	0.2589
2	0.5105	0.0802	0.105	0.3118
3	0.397	0.0803	0.0858	0.4444
4	0.3824	0.0325	0.0846	0.508
5	0.3116	0.1299	0.0742	0.4918
6	0.4679	0.105	0.0929	0.3417
7	0.4654	0.1087	0.0949	0.3385
8	0.5025	0.1023	0.0694	0.3333

Filter 16
Pos	A	C	G	T
0	0.4637396694214876	0.09886363636363636	0.11239669421487604	0.3362603305785124
1	0.4277892561983471	0.09710743801652892	0.11115702479338843	0.3752066115702479
2	0.4171487603305785	0.04762396694214876	0.15423553719008265	0.39225206611570246
3	0.3913223140495868	0.08801652892561984	0.17613636363636365	0.3557851239669422
4	0.42644628099173554	0.07427685950413224	0.17107438016528925	0.3394628099173554
5	0.42933884297520664	0.09535123966942148	0.2125	0.2740702479338843
6	0.5327479338842975	0.084400826446281	0.18987603305785125	0.20423553719008264
7	0.5050619834710743	0.07572314049586777	0.17758264462809917	0.2528925619834711
8	0.6386363636363637	0.06518595041322314	0.13822314049586776	0.16921487603305785

Filter 17
Pos	A	C	G	T
0	0.5010172939979655	0.06775178026449644	0.07375381485249237	0.3631739572736521
1	0.36266531027466936	0.14364191251271619	0.10854526958290946	0.3908443540183113
2	0.5206510681586979	0.16215666327568667	0.07761953204476094	0.24526958290946083
3	0.5323499491353001	0.12014242115971516	0.0652085452695829	0.28799593082400815
4	0.44526958290946084	0.18575788402848423	0.10803662258392675	0.2666327568667345
5	0.39786368260427263	0.13916581892166835	0.0797558494404883	0.388911495422177
6	0.38524923702950153	0.11129196337741608	0.09440488301119024	0.41475076297049845
7	0.5626653102746694	0.10315361139369278	0.14140386571719227	0.19847405900305187
8	0.6451678535096643	0.10559511698880977	0.065412004069176	0.18952187182095626

Filter 18
Pos	A	C	G	T
0	0.39322033898305087	0.1889332003988036	0.09262213359920239	0.3093718843469591
1	0.3637088733798604	0.12073778664007977	0.061415752741774673	0.4382851445663011
2	0.2703888334995015	0.19022931206380858	0.12073778664007977	0.40279162512462613
3	0.34217347956131605	0.13080757726819542	0.1571286141575274	0.35403788634097705
4	0.34307078763708876	0.1382851445663011	0.1748753738783649	0.3279162512462612
5	0.5120638085742771	0.05423728813559322	0.07437686939182453	0.34346959122632104
6	0.36819541375872383	0.08743768693918245	0.10568295114656032	0.42283150548354936
7	0.1740777666999003	0.0835493519441675	0.20249252243270188	0.5240279162512462
8	0.23888334995014956	0.14346959122632102	0.14965104685942174	0.4521435692921236

Filter 19
Pos	A	C	G	T
0	0.42651072124756334	0.07358674463937621	0.06754385964912281	0.42046783625730993
1	0.5707602339181287	0.10077972709551657	0.06413255360623782	0.2524366471734893
2	0.4612085769980507	0.10750487329434698	0.11647173489278752	0.30292397660818715
3	0.3316764132553606	0.10292397660818714	0.12855750487329434	0.4249512670565302
4	0.4583820662768031	0.08460038986354776	0.11920077972709552	0.32592592592592595
5	0.2537037037037037	0.09717348927875244	0.19337231968810917	0.443859649122807
6	0.32573099415204676	0.11042884990253411	0.100682261208577	0.4512670565302144
7	0.4735867446393762	0.04912280701754386	0.05331384015594542	0.41208576998050683
8	0.5113060428849903	0.10214424951267057	0.10458089668615984	0.27007797270955164

Filter 20
Pos	A	C	G	T
0	0.33384932920536636	0.17296181630546956	0.12961816305469556	0.3703818369453044
1	0.3753353973168215	0.0868937048503612	0.0889576883384933	0.45562435500515996
2	0.22972136222910217	0.1543859649122807	0.15428276573787408	0.46842105263157896
3	0.5008255933952528	0.16212590299277604	0.12662538699690404	0.217234262125903
4	0.47347781217750257	0.12084623323013416	0.16790505675954592	0.24458204334365324
5	0.35995872033023735	0.0956656346749226	0.15562435500515995	0.395562435500516
6	0.2596491228070175	0.10763673890608876	0.22724458204334366	0.41228070175438597
7	0.31661506707946335	0.1996904024767802	0.16181630546955625	0.3286893704850361
8	0.27936016511867906	0.1436532507739938	0.13529411764705881	0.4485036119711042

Filter 21
Pos	A	C	G	T
0	0.41821903787103376	0.11381780962128966	0.13346980552712384	0.3471852610030706
1	0.4616171954964176	0.08485158648925281	0.13439099283520983	0.3318321392016377
2	0.1344933469805527	0.16274309109518936	0.08239508700102355	0.6330603889457523
3	0.2663254861821904	0.12272262026612078	0.1164790174002047	0.5071647901740021
4	0.372057318321392	0.16427840327533266	0.16908904810644831	0.30726714431934493
5	0.3208802456499488	0.1105424769703173	0.09580348004094166	0.4854657113613101
6	0.2724667349027636	0.14636642784032752	0.19201637666325486	0.40184237461617195
7	0.4208802456499488	0.12824974411463663	0.14247697031729786	0.3210849539406346
8	0.327021494370522	0.13398157625383827	0.1143295803480041	0.43735926305015355

Filter 22
Pos	A	C	G	T
0	0.4114343029087262	0.09317953861584755	0.20672016048144434	0.2941825476429288
1	0.4731193580742227	0.05526579739217653	0.11865596790371113	0.3584754262788365
2	0.30471414242728184	0.07482447342026079	0.0708124373119358	0.5551654964894684
3	0.3094282848545637	0.1712136409227683	0.1254764292878636	0.39939819458375125
4	0.5286860581745235	0.10772316950852558	0.1456369107321966	0.2234704112337011
5	0.39578736208625875	0.11795386158475427	0.16529588766298897	0.32647943831494486
6	0.38706118355065194	0.15656970912738213	0.08264794383149449	0.37923771313941823
7	0.5789368104312939	0.08455366098294885	0.05245737211634905	0.28956870611835506
8	0.3642928786359077	0.10060180541624875	0.07061183550651956	0.4700100300902708

Filter 23
Pos	A	C	G	T
0	0.36978967495219883	0.09617590822179732	0.07992351816443595	0.40449330783938814
1	0.44598470363288717	0.13451242829827917	0.11175908221797323	0.25812619502868067
2	0.5441682600382409	0.11892925430210326	0.06998087954110899	0.21730401529636711
3	0.5108030592734225	0.09703632887189292	0.054110898661567874	0.2884321223709369
4	0.539866156787763	0.052294455066921604	0.07609942638623327	0.2821223709369025
5	0.4948374760994264	0.09894837476099426	0.11797323135755258	0.23862332695984703
6	0.47877629063097515	0.0997131931166348	0.04579349904397705	0.3260994263862333
7	0.36797323135755255	0.04875717017208413	0.13738049713193118	0.39627151051625237
8	0.5037284894837476	0.13910133843212238	0.1297323135755258	0.17782026768642448

Filter 24
Pos	A	C	G	T
0	0.4005928853754941	0.13883399209486166	0.14535573122529644	0.29960474308300394
1	0.48685770750988144	0.1225296442687747	0.11017786561264822	0.2648221343873518
2	0.575098814229249	0.07312252964426877	0.14634387351778655	0.18982213438735177
3	0.49594861660079054	0.08715415019762845	0.13122529644268774	0.2700592885375494
4	0.42213438735177866	0.07608695652173914	0.10039525691699605	0.3857707509881423
5	0.5552371541501976	0.06956521739130435	0.21284584980237153	0.14673913043478262
6	0.46205533596837944	0.09426877470355731	0.13804347826086957	0.2900197628458498
7	0.37094861660079054	0.07905138339920949	0.1058300395256917	0.42855731225296445
8	0.30355731225296445	0.0741106719367589	0.16363636363636364	0.44308300395256917

Filter 25
Pos	A	C	G	T
0	0.5874623871614845	0.058676028084252756	0.13881644934804413	0.2382146439317954
1	0.5567703109327984	0.09177532597793381	0.1826479438314945	0.19197592778335004
2	0.4483450351053159	0.041424272818455364	0.08525576730190572	0.4481444332998997
3	0.32668004012036106	0.09307923771313942	0.10932798395185557	0.49408224674022067
4	0.43139418254764295	0.11574724172517553	0.1131394182547643	0.36288866599799396
5	0.42266800401203614	0.07753259779338013	0.10330992978936811	0.4196589769307924
6	0.363691073219659	0.0757271815446339	0.12748244734202607	0.45626880641925777
7	0.4135406218655968	0.12637913741223672	0.11213640922768305	0.3711133400200602
8	0.32417251755265797	0.08495486459378135	0.08706118355065195	0.5269809428284855

Filter 26
Pos	A	C	G	T
0	0.37900101936799185	0.11906218144750255	0.20448521916411824	0.29317023445463813
1	0.46197757390417943	0.08450560652395515	0.13761467889908258	0.31162079510703367
2	0.4040774719673802	0.08644240570846075	0.07900101936799185	0.42619775739041793
3	0.27787971457696226	0.14301732925586136	0.07125382262996942	0.5035677879714577
4	0.20132517838939856	0.13883792048929663	0.08868501529051988	0.5668705402650357
5	0.2707441386340469	0.13516819571865443	0.1257900101936799	0.4640163098878695
6	0.4114169215086646	0.17329255861365953	0.08685015290519878	0.3241590214067278
7	0.4838939857288481	0.17155963302752295	0.053924566768603466	0.2863404689092762
8	0.30968399592252804	0.15524974515800205	0.10550458715596331	0.4252803261977574

Filter 27
Pos	A	C	G	T
0	0.4924698795180723	0.12931726907630522	0.1358433734939759	0.2323293172690763
1	0.3562248995983936	0.12550200803212852	0.09246987951807228	0.41576305220883536
2	0.3497991967871486	0.12670682730923694	0.16034136546184738	0.3531124497991968
3	0.28062248995983935	0.1391566265060241	0.09236947791164658	0.47781124497991967
4	0.1860441767068273	0.1686746987951807	0.12279116465863454	0.5124497991967871
5	0.31204819277108437	0.16295180722891567	0.15652610441767068	0.35843373493975905
6	0.4502008032128514	0.1572289156626506	0.12339357429718875	0.25913654618473897
7	0.5159638554216868	0.16957831325301204	0.121285140562249	0.18313253012048192
8	0.48052208835341365	0.14497991967871485	0.12510040160642572	0.2393574297188755

Filter 28
Pos	A	C	G	T
0	0.45427728613569324	0.07708947885939037	0.06411012782694199	0.3942969518190757
1	0.48829891838741396	0.11337266470009832	0.09852507374631268	0.2895771878072763
2	0.5425762045231072	0.10678466076696165	0.09183874139626352	0.24857423795476893
3	0.42605703048180926	0.17374631268436577	0.10186823992133727	0.288102261553589
4	0.6108161258603736	0.1526057030481809	0.08603736479842675	0.14031465093411996
5	0.48112094395280236	0.16135693215339234	0.11524090462143559	0.232055063913471
6	0.49911504424778763	0.10226155358898721	0.05398230088495575	0.3344149459193707
7	0.5315634218289086	0.11946902654867257	0.09056047197640119	0.24818092428711896
8	0.4730580137659784	0.14591937069813177	0.11750245821042281	0.2532940019665683

Filter 29
Pos	A	C	G	T
0	0.46720321931589537	0.07414486921529174	0.11911468812877264	0.3293762575452716
1	0.47394366197183097	0.09124748490945674	0.20613682092555333	0.21851106639839035
2	0.3869215291750503	0.08329979879275654	0.2052313883299799	0.31438631790744465
3	0.36911468812877263	0.14104627766599598	0.07796780684104627	0.40171026156941647
4	0.4003018108651911	0.12293762575452716	0.09436619718309859	0.3722334004024145
5	0.4501006036217304	0.14969818913480884	0.1028169014084507	0.28722334004024147
6	0.49728370221327967	0.10291750503018109	0.08279678068410463	0.306841046277666
7	0.23782696177062373	0.11539235412474849	0.08732394366197183	0.5492957746478874
8	0.48843058350100604	0.12474849094567404	0.13551307847082494	0.24114688128772635

Filter 30
Pos	A	C	G	T
0	0.31460084033613445	0.16050420168067228	0.12478991596638656	0.38476890756302523
1	0.41922268907563026	0.1998949579831933	0.148109243697479	0.21743697478991597
2	0.40346638655462186	0.21922268907563025	0.11670168067226891	0.24527310924369747
3	0.4471638655462185	0.15892857142857142	0.11911764705882352	0.25945378151260506
4	0.26743697478991596	0.23130252100840337	0.12006302521008404	0.3658613445378151
5	0.35441176470588237	0.18581932773109244	0.12006302521008404	0.3243697478991597
6	0.5210084033613446	0.19380252100840337	0.08298319327731092	0.18686974789915967
7	0.33550420168067224	0.17846638655462185	0.17605042016806724	0.29464285714285715
8	0.31932773109243695	0.15682773109243697	0.11565126050420169	0.39285714285714285

Filter 31
Pos	A	C	G	T
0	0.36045142296368987	0.12070657507360157	0.07517173699705594	0.42423945044160943
1	0.41766437684003926	0.08567222767419039	0.0815505397448479	0.3956820412168793
2	0.4618253189401374	0.12708537782139354	0.16153091265947006	0.23012757605495585
3	0.5344455348380766	0.10922473012757605	0.13366045142296368	0.20323846908734053
4	0.5057899901864573	0.09244357212953877	0.10304219823356231	0.2792934249263984
5	0.5032384690873405	0.15544651619234542	0.1055937193326791	0.21629048086359176
6	0.5791952894995093	0.14052993130520117	0.04317958783120707	0.21766437684003925
7	0.5597644749754661	0.13032384690873405	0.08498527968596663	0.20549558390578998
8	0.4236506378802748	0.1521099116781158	0.09057899901864573	0.31422963689892053

Filter 32
Pos	A	C	G	T
0	0.34167517875383047	0.10091930541368743	0.12655771195097038	0.4404494382022472
1	0.36363636363636365	0.08804902962206333	0.12206332992849847	0.43585291113381003
2	0.20275791624106232	0.15495403472931563	0.12012257405515832	0.5317671092951992
3	0.17650663942798775	0.21859039836567926	0.11767109295199182	0.4968335035750766
4	0.4167517875383044	0.18764044943820224	0.18059244126659857	0.22461695607763024
5	0.42145045965270683	0.1481103166496425	0.15760980592441268	0.28243105209397346
6	0.33646578140960165	0.17885597548518897	0.07323799795709908	0.42104187946884575
7	0.4219611848825332	0.15658835546475997	0.06629213483146068	0.3647599591419816
8	0.34872318692543414	0.16772216547497446	0.15066394279877426	0.3424923391215526

Filter 33
Pos	A	C	G	T
0	0.41511017838405034	0.08793284365162644	0.16810073452256033	0.3515215110178384
1	0.3772298006295908	0.1378803777544596	0.08069254984260231	0.42686253934942286
2	0.37114375655823717	0.14564533053515216	0.14564533053515216	0.3602308499475341
3	0.4900314795383001	0.15561385099685204	0.14428121720881426	0.23273871983210914
4	0.5253934942287513	0.1279118572927597	0.1435466946484785	0.22581322140608603
5	0.3628541448058762	0.09338929695697797	0.1719832109129066	0.3944386149003148
6	0.3098635886673662	0.13378803777544596	0.15802728226652676	0.42098635886673663
7	0.23861490031479538	0.0912906610703043	0.07492130115424973	0.6178384050367262
8	0.22245540398740818	0.13830010493179434	0.12140608604407135	0.5405036726128016

Filter 34
Pos	A	C	G	T
0	0.4608955223880597	0.06706467661691543	0.12786069651741294	0.39592039800995027
1	0.5794029850746268	0.06776119402985074	0.0699502487562189	0.3346268656716418
2	0.43721393034825873	0.02208955223880597	0.017313432835820895	0.5751243781094527
3	0.37343283582089554	0.0700497512437811	0.13701492537313434	0.47124378109452736
4	0.3761194029850746	0.07621890547263682	0.12756218905472635	0.4718407960199005
5	0.3756218905472637	0.09154228855721393	0.11034825870646767	0.47422885572139306
6	0.3981094527363184	0.1154228855721393	0.10119402985074627	0.43701492537313436
7	0.4173134328358209	0.1173134328358209	0.09223880597014926	0.4248756218905473
8	0.5076616915422886	0.09194029850746269	0.03313432835820895	0.4190049751243781

Filter 35
Pos	A	C	G	T
0	0.2584362139917695	0.13076131687242798	0.0441358024691358	0.5748971193415637
1	0.28713991769547326	0.11203703703703703	0.20267489711934156	0.4063786008230453
2	0.3977366255144033	0.12201646090534979	0.13508230452674896	0.3533950617283951
3	0.4070987654320988	0.14938271604938272	0.17078189300411523	0.2809670781893004
4	0.38713991769547323	0.05915637860082305	0.17016460905349795	0.3917695473251029
5	0.27942386831275723	0.10586419753086419	0.11265432098765432	0.5102880658436214
6	0.43065843621399175	0.0874485596707819	0.12376543209876543	0.36635802469135803
7	0.5370370370370371	0.07860082304526748	0.11049382716049383	0.2820987654320988
8	0.28631687242798354	0.15689300411522633	0.1102880658436214	0.4547325102880658

Filter 36
Pos	A	C	G	T
0	0.5165208940719145	0.046452866861030125	0.1662779397473275	0.24353741496598638
1	0.3349854227405248	0.09990281827016521	0.11554907677356657	0.42235179786200194
2	0.3663751214771623	0.18309037900874636	0.09689018464528669	0.3264334305150632
3	0.5229348882410106	0.09543245869776482	0.16054421768707483	0.19387755102040816
4	0.5743440233236151	0.07376093294460641	0.14859086491739554	0.1760932944606414
5	0.4652089407191448	0.09378036929057337	0.07142857142857142	0.3423712342079689
6	0.5326530612244897	0.06929057337220602	0.11379980563654032	0.25704567541302237
7	0.40388726919339163	0.15131195335276967	0.11584062196307095	0.30174927113702626
8	0.3673469387755102	0.10563654033041787	0.07405247813411078	0.42575315840621963

Filter 37
Pos	A	C	G	T
0	0.5177664974619289	0.11451776649746193	0.13208121827411168	0.24040609137055838
1	0.4077157360406091	0.11137055837563452	0.09644670050761421	0.38923857868020306
2	0.35796954314720814	0.09969543147208122	0.13847715736040608	0.4086294416243655
3	0.5208121827411167	0.09309644670050761	0.13461928934010153	0.256243654822335
4	0.43289340101522844	0.06802030456852792	0.0883248730964467	0.41553299492385787
5	0.5807106598984771	0.07654822335025381	0.0782741116751269	0.26923857868020307
6	0.3920812182741117	0.1416243654822335	0.09573604060913705	0.37532994923857865
7	0.5775634517766497	0.08182741116751269	0.0667005076142132	0.2786802030456853
8	0.6031472081218274	0.10375634517766498	0.10751269035532995	0.19035532994923857

Filter 38
Pos	A	C	G	T
0	0.5361969111969112	0.10434362934362934	0.1362934362934363	0.22886100386100386
1	0.4769305019305019	0.10646718146718147	0.15115830115830114	0.2711389961389961
2	0.34777992277992276	0.13812741312741314	0.11052123552123552	0.4092664092664093
3	0.47017374517374516	0.07200772200772201	0.03503861003861004	0.42847490347490347
4	0.4613899613899614	0.14034749034749036	0.12055984555984556	0.2833976833976834
5	0.44391891891891894	0.1527992277992278	0.054247104247104244	0.3547297297297297
6	0.5488416988416989	0.13947876447876448	0.03957528957528957	0.2777992277992278
7	0.5494208494208495	0.08996138996138996	0.15791505791505792	0.2083976833976834
8	0.4794401544401544	0.147007722007722	0.12963320463320463	0.24961389961389963

Filter 39
Pos	A	C	G	T
0	0.36138328530259367	0.12209414024975984	0.10566762728146013	0.4259365994236311
1	0.3671469740634006	0.1021133525456292	0.09913544668587897	0.44668587896253603
2	0.36801152737752163	0.17415946205571567	0.09029779058597502	0.3826128722382325
3	0.5146974063400577	0.14601344860710855	0.023054755043227664	0.3313160422670509
4	0.593371757925072	0.10220941402497598	0.008165225744476465	0.31133525456292027
5	0.34457252641690683	0.07646493756003843	0.105283381364073	0.48876080691642654
6	0.37531219980787706	0.17973102785782902	0.08424591738712776	0.37579250720461094
7	0.5416906820365034	0.11681075888568684	0.11316042267050913	0.24341978866474542
8	0.41681075888568686	0.11392891450528338	0.07848222862632084	0.4058597502401537

Filter 40
Pos	A	C	G	T
0	0.25961145194274027	0.16503067484662576	0.07965235173824131	0.49447852760736194
1	0.36073619631901843	0.21053169734151328	0.11789366053169734	0.3096114519427403
2	0.4670756646216769	0.1726993865030675	0.11298568507157464	0.2460122699386503
3	0.4644171779141104	0.1607361963190184	0.12699386503067484	0.24662576687116564
4	0.495398773006135	0.13957055214723926	0.11063394683026585	0.25316973415132926
5	0.5541922290388548	0.09662576687116564	0.1976482617586912	0.15030674846625766
6	0.5196319018404908	0.10449897750511247	0.11952965235173824	0.2551124744376278
7	0.3955010224948875	0.13404907975460123	0.14734151329243353	0.32188139059304705
8	0.3414110429447853	0.12341513292433538	0.16339468302658486	0.37055214723926383

Filter 41
Pos	A	C	G	T
0	0.27007376185458376	0.08703898840885142	0.1047418335089568	0.5506849315068493
1	0.26638566912539513	0.1428872497365648	0.12402528977871444	0.4792413066385669
2	0.43498419388830345	0.10505795574288725	0.17365648050579557	0.298840885142255
3	0.3500526870389884	0.1625922023182297	0.13161222339304532	0.36828240252897787
4	0.36522655426765016	0.10347734457323499	0.12170706006322445	0.4221285563751317
5	0.4124341412012645	0.11580611169652266	0.19673340358271865	0.28756585879873553
6	0.5241306638566913	0.09072708113804004	0.14973656480505795	0.24794520547945206
7	0.20084299262381455	0.07270811380400422	0.14794520547945206	0.5910432033719705
8	0.28777660695468915	0.12075869336143309	0.1691253951527924	0.43487881981032667

Filter 42
Pos	A	C	G	T
0	0.3750262329485834	0.09401888772298006	0.09286463798530954	0.41521511017838403
1	0.29664218258132213	0.17932843651626443	0.1570828961175236	0.3440713536201469
2	0.4727177334732424	0.08048268625393494	0.2001049317943337	0.22381951731374605
3	0.28142707240293807	0.10577124868835257	0.12959076600209862	0.4603357817418678
4	0.2472193074501574	0.19244491080797482	0.2366211962224554	0.30083945435466947
5	0.3820566631689402	0.09275970619097587	0.2222455403987408	0.2800629590766002
6	0.5087093389296957	0.044700944386149	0.12528856243441763	0.2984260230849948
7	0.43955928646379855	0.0869884575026233	0.1577124868835257	0.29286463798530954
8	0.3948583420776495	0.12875131164742917	0.12172088142707241	0.33179433368310596

Filter 43
Pos	A	C	G	T
0	0.45116044399596367	0.13834510595358224	0.08435923309788093	0.32048435923309787
1	0.43562058526740666	0.10232088799192735	0.09616548940464177	0.3602421796165489
2	0.4141271442986882	0.12351160443995964	0.11483350151362261	0.3418768920282543
3	0.2512613521695257	0.17860746720484358	0.17416750756811303	0.3903128153380424
4	0.21927346115035318	0.15519677093844603	0.15358224016145308	0.4662966700302725
5	0.3082744702320888	0.18203834510595357	0.15438950554994954	0.3496468213925328
6	0.3143289606458123	0.08748738647830474	0.07457114026236125	0.5179616548940464
7	0.2386478304742684	0.20625630676084764	0.10908173562058526	0.4403632694248234
8	0.23753784056508578	0.14631685166498487	0.16337033299697276	0.4471241170534813

Filter 44
Pos	A	C	G	T
0	0.3	0.08628795298726738	0.14427032321253672	0.4423114593535749
1	0.3625857002938296	0.07737512242899118	0.1832517140058766	0.34965719882468166
2	0.2936336924583741	0.029382957884427033	0.19471106758080314	0.45514201762977474
3	0.3267384916748286	0.04505386875612145	0.18344760039177277	0.4176297747306562
4	0.3289911851126347	0.053281096963761015	0.15328109696376102	0.4373163565132223
5	0.22223310479921646	0.06816846229187072	0.15984329089128305	0.5226248775710088
6	0.25690499510284037	0.08060724779627816	0.1910871694417238	0.44427032321253673
7	0.44916748285994124	0.06356513222331048	0.1604309500489716	0.2997061704211557
8	0.3711067580803134	0.10205680705190989	0.1426052889324192	0.35710088148873653

Filter 45
Pos	A	C	G	T
0	0.3711018711018711	0.15114345114345115	0.13076923076923078	0.39397089397089397
1	0.30665280665280664	0.13804573804573805	0.18212058212058213	0.42016632016632016
2	0.3508316008316008	0.11600831600831601	0.14677754677754679	0.4333679833679834
3	0.3420997920997921	0.14792099792099792	0.1916839916839917	0.3652806652806653
4	0.341995841995842	0.1494802494802495	0.19854469854469856	0.35696465696465696
5	0.41164241164241167	0.13617463617463618	0.11798336798336799	0.38118503118503116
6	0.3823284823284823	0.09511434511434512	0.15155925155925157	0.417983367983368
7	0.20966735966735967	0.12796257796257796	0.1603950103950104	0.5489604989604989
8	0.09272349272349273	0.12193347193347194	0.21153846153846154	0.6207900207900208

Filter 46
Pos	A	C	G	T
0	0.6001	0.0482	0.1018	0.2407
1	0.4701	0.1535	0.1613	0.2059
2	0.4767	0.125	0.0856	0.3035
3	0.5709	0.0687	0.1045	0.2467
4	0.5038	0.1466	0.0858	0.2546
5	0.5089	0.1053	0.0468	0.3298
6	0.3808	0.0696	0.0788	0.4616
7	0.4789	0.1277	0.099	0.2852
8	0.4792	0.0908	0.0913	0.3295

Filter 47
Pos	A	C	G	T
0	0.4233402489626556	0.1078838174273859	0.10425311203319503	0.3447095435684647
1	0.2910788381742739	0.18983402489626555	0.12686721991701244	0.3724066390041494
2	0.5322614107883817	0.09284232365145229	0.0841286307053942	0.270954356846473
3	0.34056016597510375	0.14242738589211618	0.13558091286307053	0.3616182572614108
4	0.2095435684647303	0.16659751037344397	0.23682572614107883	0.36721991701244816
5	0.5052904564315353	0.11867219917012448	0.08101659751037345	0.27520746887966807
6	0.2829875518672199	0.17323651452282157	0.09761410788381743	0.4263485477178423
7	0.23381742738589212	0.1074688796680498	0.20964730290456432	0.429253112033195
8	0.4204356846473029	0.10114107883817428	0.13734439834024897	0.32126556016597513

Filter 48
Pos	A	C	G	T
0	0.4965376782077393	0.08462321792260692	0.1324847250509165	0.295010183299389
1	0.41924643584521387	0.05936863543788187	0.04226069246435845	0.48778004073319753
2	0.4206720977596741	0.0919551934826884	0.08380855397148676	0.41221995926680244
3	0.3735234215885947	0.1884928716904277	0.1469450101832994	0.29969450101832995
4	0.3692464358452138	0.17484725050916497	0.10122199592668024	0.36334012219959266
5	0.5940936863543789	0.04969450101832994	0.09205702647657842	0.27281059063136454
6	0.50020366598778	0.07026476578411406	0.1010183299389002	0.33716904276985743
7	0.2685336048879837	0.09613034623217923	0.06680244399185337	0.5771894093686354
8	0.4159877800407332	0.08879837067209775	0.1714867617107943	0.3323828920570265

Filter 49
Pos	A	C	G	T
0	0.43768939393939393	0.14166666666666666	0.1621212121212121	0.2402462121212121
1	0.42168560606060607	0.028125	0.13958333333333334	0.39232954545454546
2	0.3215909090909091	0.10691287878787879	0.15397727272727274	0.39924242424242423
3	0.22481060606060607	0.18125	0.1865530303030303	0.3891098484848485
4	0.37339015151515154	0.1649621212121212	0.12992424242424241	0.3134469696969697
5	0.4395833333333333	0.12471590909090909	0.0706439393939394	0.34678030303030305
6	0.368655303030303	0.1434659090909091	0.128125	0.34147727272727274
7	0.3896780303030303	0.11420454545454546	0.018560606060606062	0.45928030303030304
8	0.3085227272727273	0.0856060606060606	0.07490530303030303	0.512689393939394

Filter 50
Pos	A	C	G	T
0	0.468762278978389	0.15432220039292732	0.11011787819253438	0.25275049115913556
1	0.4433202357563851	0.14400785854616896	0.08094302554027505	0.31768172888015717
2	0.46080550098231826	0.12642436149312378	0.12475442043222004	0.27396856581532414
3	0.37652259332023574	0.1556974459724951	0.07583497053045186	0.37789783889980355
4	0.4431237721021611	0.1531434184675835	0.0793713163064833	0.3103143418467583
5	0.48408644400785855	0.14086444007858545	0.11679764243614932	0.24420432220039293
6	0.6993123772102161	0.11886051080550099	0.10117878192534381	0.06660117878192534
7	0.47976424361493125	0.06738703339882123	0.07652259332023575	0.36227897838899803
8	0.4044204322200393	0.1131630648330059	0.07740667976424362	0.39096267190569745

Filter 51
Pos	A	C	G	T
0	0.36663223140495865	0.1740702479338843	0.14834710743801652	0.3340909090909091
1	0.3512396694214876	0.10681818181818181	0.048347107438016526	0.5167355371900827
2	0.27768595041322314	0.15361570247933884	0.16735537190082644	0.42448347107438017
3	0.35082644628099174	0.15929752066115702	0.17644628099173554	0.3365702479338843
4	0.4296487603305785	0.1806818181818182	0.19493801652892562	0.21787190082644628
5	0.3737603305785124	0.08243801652892561	0.17613636363636365	0.39080578512396696
6	0.26002066115702477	0.13739669421487602	0.18419421487603305	0.4415289256198347
7	0.22727272727272727	0.17644628099173554	0.10557851239669422	0.5138429752066116
8	0.27076446280991734	0.14080578512396694	0.14349173553719008	0.46807851239669424

Filter 52
Pos	A	C	G	T
0	0.5154724818276221	0.05659397715472482	0.1185877466251298	0.33655244029075804
1	0.40134994807892005	0.09698857736240914	0.19688473520249222	0.3319833852544133
2	0.5517133956386293	0.061578400830737276	0.11370716510903427	0.30020768431983386
3	0.3679127725856698	0.07393561786085151	0.16645898234683282	0.41889927310488057
4	0.4093457943925234	0.09376947040498443	0.18701973001038422	0.3370716510903427
5	0.3637590861889927	0.0763239875389408	0.09179646936656283	0.4953271028037383
6	0.2925233644859813	0.13291796469366562	0.09740394600207684	0.5043613707165109
7	0.3185877466251298	0.1585669781931464	0.17102803738317757	0.3790238836967809
8	0.25752855659397716	0.13239875389408098	0.08161993769470405	0.5556593977154725

Filter 53
Pos	A	C	G	T
0	0.3863013698630137	0.05136986301369863	0.13189823874755383	0.4158512720156556
1	0.2563600782778865	0.14892367906066536	0.06291585127201565	0.5172211350293542
2	0.2334637964774951	0.17025440313111545	0.0687866927592955	0.5129158512720157
3	0.4413894324853229	0.13101761252446184	0.04500978473581213	0.36800391389432485
4	0.37181996086105673	0.14305283757338552	0.06604696673189824	0.40450097847358124
5	0.2668297455968689	0.12573385518591	0.10675146771037182	0.48610567514677105
6	0.35655577299412916	0.15557729941291584	0.1114481409001957	0.361839530332681
7	0.44540117416829744	0.15391389432485322	0.0949119373776908	0.29119373776908025
8	0.34686888454011744	0.13590998043052838	0.0388454011741683	0.4637964774951076

Filter 54
Pos	A	C	G	T
0	0.3066465256797583	0.0744209466263847	0.13564954682779456	0.4837865055387714
1	0.351460221550856	0.15468277945619335	0.19436052366565962	0.3
2	0.3754279959718026	0.15357502517623364	0.1808660624370594	0.29063444108761327
3	0.5302114803625377	0.12245720040281974	0.12437059415911379	0.22346424974823767
4	0.44551863041289025	0.17331319234642498	0.13353474320241693	0.24813695871097685
5	0.45045317220543807	0.0661631419939577	0.053272910372608256	0.43061430010070495
6	0.5244712990936556	0.07955689828801611	0.13726082578046325	0.259214501510574
7	0.5339375629405841	0.08056394763343404	0.15307150050352467	0.23293051359516617
8	0.35609264853977846	0.12547834843907352	0.13464249748237664	0.38429003021148034

Filter 55
Pos	A	C	G	T
0	0.2908080808080808	0.11242424242424243	0.1807070707070707	0.4103030303030303
1	0.2823232323232323	0.10020202020202021	0.21818181818181817	0.3935353535353535
2	0.42404040404040405	0.062424242424242424	0.21494949494949495	0.2928282828282828
3	0.5137373737373737	0.031313131313131314	0.18424242424242424	0.26494949494949493
4	0.36454545454545456	0.09282828282828283	0.11090909090909092	0.425959595959596
5	0.43212121212121213	0.10777777777777778	0.1697979797979798	0.28454545454545455
6	0.49464646464646467	0.10595959595959596	0.17343434343434344	0.2202020202020202
7	0.4684848484848485	0.138989898989899	0.13484848484848486	0.25191919191919193
8	0.5125252525252525	0.0794949494949495	0.12787878787878787	0.27434343434343433

Filter 56
Pos	A	C	G	T
0	0.45821501014198784	0.052231237322515216	0.19340770791075051	0.3026369168356998
1	0.31703853955375255	0.07758620689655173	0.14290060851926978	0.4689655172413793
2	0.38488843813387424	0.0744421906693712	0.15030425963488844	0.3968559837728195
3	0.18356997971602435	0.1127789046653144	0.20730223123732253	0.5028397565922921
4	0.2033468559837728	0.16835699797160245	0.1973630831643002	0.4374239350912779
5	0.3563894523326572	0.11257606490872211	0.18519269776876268	0.35233265720081136
6	0.4418864097363083	0.12129817444219067	0.1332657200811359	0.31004056795131846
7	0.39705882352941174	0.18225152129817443	0.0922920892494929	0.33488843813387426
8	0.4418864097363083	0.09827586206896552	0.05659229208924949	0.40973630831643004

Filter 57
Pos	A	C	G	T
0	0.30672097759674133	0.09694501018329939	0.16680244399185337	0.4370672097759674
1	0.3163951120162933	0.14521384928716904	0.16242362525458248	0.3835030549898167
2	0.3731160896130346	0.07627291242362526	0.10112016293279022	0.4570264765784114
3	0.25784114052953155	0.16659877800407333	0.18859470468431772	0.3945010183299389
4	0.44725050916496945	0.12443991853360489	0.18075356415478616	0.25509164969450104
5	0.4138492871690428	0.0905295315682281	0.0764765784114053	0.42668024439918534
6	0.17281059063136456	0.08472505091649694	0.13156822810590632	0.6184317718940937
7	0.21018329938900204	0.14623217922606924	0.1939918533604888	0.45712830957230144
8	0.38920570264765786	0.14419551934826885	0.16181262729124235	0.31232179226069245

Filter 58
Pos	A	C	G	T
0	0.3377258235919235	0.21317747077577046	0.10541976620616365	0.361317747077577
1	0.3808714133900106	0.11487778958554729	0.10680127523910733	0.4150903294367694
2	0.45706695005313497	0.13251859723698192	0.18565356004250796	0.24240170031880978
3	0.4275239107332625	0.15866099893730073	0.21253985122210414	0.21891604675876727
4	0.3887353878852285	0.0818278427205101	0.12784272051009565	0.41923485653560044
5	0.22401700318809778	0.12369819341126462	0.22624867162592985	0.4436769394261424
6	0.238788522848034	0.16014877789585547	0.15568544102019127	0.4630180658873539
7	0.3299681190223167	0.18320935175345376	0.1257173219978746	0.3787460148777896
8	0.2740701381509033	0.1051009564293305	0.2079702444208289	0.4304994686503719

Filter 59
Pos	A	C	G	T
0	0.5655004859086492	0.14849368318756073	0.07482993197278912	0.19951409135082604
1	0.6073858114674441	0.12264334305150631	0.11554907677356657	0.14275996112730807
2	0.4163265306122449	0.11554907677356657	0.12487852283770651	0.3315840621963071
3	0.39708454810495625	0.11788143828960156	0.10466472303206997	0.3687074829931973
4	0.37881438289601554	0.1358600583090379	0.17667638483965015	0.29698736637512146
5	0.4446064139941691	0.10515063168124393	0.11059280855199223	0.32798833819241985
6	0.2467444120505345	0.16122448979591836	0.10719144800777454	0.4731778425655977
7	0.42575315840621963	0.15306122448979592	0.1500485908649174	0.2594752186588921
8	0.4044703595724004	0.17424684159378037	0.14217687074829932	0.267444120505345

Filter 60
Pos	A	C	G	T
0	0.41341463414634144	0.0988821138211382	0.08821138211382114	0.4167682926829268
1	0.27266260162601624	0.13495934959349593	0.12804878048780488	0.4816056910569106
2	0.33790650406504064	0.12398373983739837	0.09705284552845528	0.4583333333333333
3	0.30619918699186993	0.12733739837398375	0.16646341463414635	0.41727642276422766
4	0.4741869918699187	0.09349593495934959	0.11910569105691057	0.3304878048780488
5	0.4399390243902439	0.08038617886178862	0.10203252032520325	0.39491869918699185
6	0.3639227642276423	0.0834349593495935	0.12733739837398375	0.4425813008130081
7	0.27428861788617886	0.07865853658536585	0.1402439024390244	0.5240853658536585
8	0.12123983739837399	0.13414634146341464	0.13170731707317074	0.6301829268292682

Filter 61
Pos	A	C	G	T
0	0.4359840954274354	0.10904572564612326	0.11123260437375745	0.329324055666004
1	0.49662027833001987	0.045228628230616304	0.09274353876739562	0.35099403578528826
2	0.33479125248508945	0.14751491053677931	0.11242544731610338	0.3908548707753479
3	0.5376739562624254	0.12326043737574553	0.1021868787276342	0.2224652087475149
4	0.4377733598409543	0.06590457256461232	0.09552683896620279	0.38638170974155067
5	0.3723658051689861	0.09393638170974156	0.118389662027833	0.4008946322067594
6	0.33707753479125246	0.1313121272365805	0.10019880715705766	0.41699801192842945
7	0.6389662027833002	0.11610337972166998	0.07664015904572564	0.15387673956262427
8	0.5743538767395626	0.07037773359840954	0.09512922465208748	0.24572564612326045

Filter 62
Pos	A	C	G	T
0	0.3715559960356789	0.13825569871159563	0.13845391476709615	0.3250743310208127
1	0.3892963330029732	0.0960356788899901	0.1068384539147671	0.38116947472745294
2	0.331615460852329	0.1024777006937562	0.1375619425173439	0.40168483647175424
3	0.2515361744301288	0.11962338949454907	0.18156590683845392	0.4206144697720515
4	0.44796828543111994	0.08285431119920714	0.12685827552031714	0.31565906838453917
5	0.5090188305252725	0.14370664023785926	0.11684836471754212	0.20376610505450943
6	0.32309217046580774	0.18057482656095145	0.11635282457879088	0.3533201189296333
7	0.5356788899900892	0.1593657086223984	0.049851337958374625	0.2284440039643211
8	0.6198216055500495	0.09345887016848364	0.05639246778989098	0.20366699702675917

Filter 63
Pos	A	C	G	T
0	0.439481555333998	0.1110667996011964	0.13808574277168495	0.31455633100697905
1	0.41056829511465603	0.1296111665004985	0.08205383848454637	0.38095712861415754
2	0.31754735792622135	0.1309072781655035	0.17457627118644067	0.3801595214356929
3	0.29621136590229313	0.12422731804586241	0.1325024925224327	0.45024925224327017
4	0.5018943170488535	0.06450648055832503	0.0740777666999003	0.36271186440677966
5	0.2983050847457627	0.10019940179461616	0.13120638085742772	0.47347956131605184
6	0.20279162512462612	0.19531405782652045	0.09032901296111664	0.5147557328015953
7	0.33110667996011967	0.15124626121635096	0.08055832502492523	0.44027916251246263
8	0.20717846460618144	0.12861415752741776	0.16859421734795613	0.4988035892323031

Filter 64
Pos	A	C	G	T
0	0.39375629405840884	0.1512588116817724	0.10845921450151057	0.33675730110775426
1	0.4860020140986908	0.10010070493454179	0.10956696878147029	0.2945619335347432
2	0.38690835850956695	0.11107754279959718	0.1772406847935549	0.31500503524672707
3	0.5515609264853978	0.11037260825780464	0.14944612286002015	0.17885196374622356
4	0.702416918429003	0.06817724068479356	0.040886203423967774	0.17875125881168177
5	0.4408862034239678	0.1175226586102719	0.09123867069486405	0.3405840886203424
6	0.48670694864048336	0.10322255790533737	0.059113796576032225	0.34118831822759316
7	0.5234642497482377	0.06475327291037261	0.07532729103726082	0.32668680765357505
8	0.38851963746223567	0.1392749244712991	0.1311178247734139	0.33131923464249746

Filter 65
Pos	A	C	G	T
0	0.44810756972111554	0.09661354581673307	0.10099601593625498	0.3434262948207171
1	0.29213147410358564	0.11583665338645419	0.08754980079681275	0.4936254980079681
2	0.450597609561753	0.1508964143426295	0.11932270916334661	0.26832669322709163
3	0.6493027888446216	0.10189243027888446	0.11852589641434264	0.11942231075697211
4	0.48804780876494025	0.12838645418326694	0.09721115537848606	0.2754980079681275
5	0.3754980079681275	0.18296812749003985	0.12390438247011952	0.30677290836653387
6	0.49930278884462154	0.1048804780876494	0.17908366533864542	0.20587649402390437
7	0.5020916334661355	0.06862549800796813	0.1303784860557769	0.28804780876494024
8	0.33306772908366533	0.11573705179282869	0.12370517928286853	0.41663346613545815

Filter 66
Pos	A	C	G	T
0	0.4173394495412844	0.04091743119266055	0.16376146788990825	0.39055045871559635
1	0.4621100917431193	0.03981651376146789	0.053669724770642205	0.4569724770642202
2	0.4557798165137615	0.010091743119266056	0.09165137614678899	0.45504587155963305
3	0.37422018348623853	0.08688073394495413	0.15357798165137615	0.39788990825688075
4	0.41743119266055045	0.04064220183486238	0.12477064220183487	0.4297247706422018
5	0.43403669724770644	0.05577981651376147	0.1669724770642202	0.35577981651376145
6	0.37587155963302754	0.0944954128440367	0.1844954128440367	0.3577064220183486
7	0.4786238532110092	0.08486238532110092	0.08963302752293578	0.35944954128440365
8	0.39146788990825687	0.033211009174311926	0.13559633027522935	0.4522935779816514

Filter 67
Pos	A	C	G	T
0	0.45	0.11082164328657315	0.13006012024048097	0.29288577154308615
1	0.5176352705410822	0.19889779559118237	0.07965931863727455	0.1875751503006012
2	0.5332665330661323	0.10781563126252505	0.09579158316633267	0.2468937875751503
3	0.5251503006012024	0.06482965931863728	0.15190380761523045	0.24188376753507013
4	0.31933867735470944	0.1623246492985972	0.17725450901803608	0.3248496993987976
5	0.39408817635270543	0.12965931863727456	0.16693386773547095	0.29308617234468937
6	0.5113226452905811	0.09589178356713426	0.1837675350701403	0.19278557114228456
7	0.31993987975951904	0.11793587174348698	0.08507014028056112	0.46082164328657316
8	0.46122244488977954	0.11833667334669339	0.10320641282565131	0.301002004008016

Filter 68
Pos	A	C	G	T
0	0.5364785992217899	0.0551556420233463	0.09066147859922179	0.3035019455252918
1	0.463715953307393	0.06215953307392996	0.18813229571984436	0.27178988326848247
2	0.5077821011673151	0.1056420233463035	0.12607003891050583	0.2463035019455253
3	0.4532101167315175	0.039202334630350194	0.05505836575875486	0.43832684824902723
4	0.4372568093385214	0.06498054474708172	0.1374513618677043	0.3461089494163424
5	0.4990272373540856	0.08005836575875486	0.14406614785992217	0.26264591439688717
6	0.43171206225680936	0.07937743190661478	0.07538910505836575	0.39931906614785995
7	0.33297665369649804	0.08151750972762646	0.06108949416342412	0.5102140077821011
8	0.35846303501945526	0.14357976653696497	0.08171206225680934	0.40204280155642025

Filter 69
Pos	A	C	G	T
0	0.49174950298210734	0.10447316103379721	0.06341948310139164	0.3458250497017893
1	0.374155069582505	0.134493041749503	0.12962226640159047	0.36719681908548707
2	0.46013916500994034	0.04413518886679921	0.05099403578528827	0.4501988071570577
3	0.21441351888667992	0.1349900596421471	0.17196819085487078	0.4840954274353877
4	0.2665009940357853	0.0900596421471173	0.13479125248508947	0.5141153081510934
5	0.3441351888667992	0.13330019880715704	0.16242544731610337	0.36560636182902584
6	0.25238568588469185	0.09234592445328031	0.11292246520874752	0.5478131212723658
7	0.3018886679920477	0.1348906560636183	0.13906560636182902	0.42962226640159046
8	0.4438369781312127	0.11043737574552684	0.14035785288270378	0.31083499005964216

Filter 70
Pos	A	C	G	T
0	0.6219658976930792	0.079839518555667	0.09669007021063189	0.17853560682046138
1	0.5465396188565698	0.0658976930792377	0.06519558676028084	0.2993981945837513
2	0.41845536609829487	0.11394182547642928	0.15536609829488465	0.2892678034102307
3	0.559679037111334	0.07953861584754263	0.08886659979939819	0.24894684052156468
4	0.4953861584754263	0.07662988966900702	0.047843530591775325	0.3571715145436309
5	0.4957873620862588	0.09137412236710131	0.07783350050150452	0.3120361083249749
6	0.39448345035105314	0.09307923771313942	0.10310932798395185	0.3863590772316951
7	0.366900702106319	0.08956870611835506	0.1374122367101304	0.3831494483450351
8	0.5429287863590773	0.07151454363089267	0.1283851554663992	0.2342026078234704

Filter 71
Pos	A	C	G	T
0	0.4630799605133267	0.13188548864758143	0.09002961500493584	0.2720631786771964
1	0.6455083909180651	0.05231984205330701	0.08756169792694965	0.17166831194471865
2	0.4370187561697927	0.0700888450148075	0.1399802566633761	0.3099703849950642
3	0.47650542941757157	0.07660414610069102	0.11076011846001975	0.29318854886475815
4	0.5680157946692991	0.0912142152023692	0.11016781836130306	0.1876604146100691
5	0.4630799605133267	0.04501480750246792	0.07058242843040474	0.37838104639684106
6	0.3645607107601185	0.06140177690029615	0.18104639684106613	0.3500493583415597
7	0.3541954590325765	0.09269496544916091	0.15597235932872655	0.3541954590325765
8	0.4171767028627838	0.10789733464955578	0.1213228035538006	0.31066140177690027

Filter 72
Pos	A	C	G	T
0	0.4420626895854398	0.03134479271991911	0.1571284125379171	0.35591506572295245
1	0.435793731041456	0.079474216380182	0.14287158746208292	0.3283114256825076
2	0.41183013144590497	0.10040444893832154	0.13872598584428716	0.3354903943377149
3	0.409201213346815	0.12426693629929221	0.14337714863498482	0.30960566228513653
4	0.5811931243680485	0.09524772497472195	0.0980788675429727	0.21193124368048533
5	0.6660262891809909	0.07219413549039434	0.03983822042467138	0.2083923154701719
6	0.5100101112234581	0.08088978766430738	0.06097067745197169	0.3345803842264914
7	0.37735085945399394	0.11051567239635995	0.09150657229524772	0.4070778564206269
8	0.5326592517694642	0.09362992922143579	0.12224469160768453	0.23791708796764408

Filter 73
Pos	A	C	G	T
0	0.5099089989888776	0.09514661274014155	0.12982810920121335	0.2435793731041456
1	0.266835187057634	0.1512639029322548	0.060768452982810924	0.49959555106167847
2	0.2882709807886754	0.19251769464105156	0.0968655207280081	0.4008088978766431
3	0.3941354903943377	0.1672396359959555	0.07280080889787664	0.3442871587462083
4	0.25288169868554095	0.11365015166835186	0.05915065722952477	0.5527805864509606
5	0.3307381193124368	0.14074823053589483	0.14064711830131446	0.36632962588473206
6	0.3172901921132457	0.1832153690596562	0.16885743174924167	0.30910010111223457
7	0.49737108190091	0.11304347826086956	0.11385237613751265	0.25419615773508597
8	0.40424671385237615	0.10798786653185036	0.11809908998988877	0.3481294236602629

Filter 74
Pos	A	C	G	T
0	0.3888425443169969	0.09259645464025026	0.08289885297184567	0.4562043795620438
1	0.27685088633993743	0.09697601668404589	0.06788321167883211	0.5788321167883211
2	0.31532846715328466	0.1510948905109489	0.13722627737226278	0.4168925964546403
3	0.2005213764337852	0.13149113660062564	0.164859228362878	0.5236704900938478
4	0.3224191866527633	0.08018769551616267	0.07476538060479666	0.543169968717414
5	0.3920750782064651	0.13096976016684045	0.1624608967674661	0.335036496350365
6	0.4619395203336809	0.10239833159541188	0.10834202294056308	0.3478623566214807
7	0.3410844629822732	0.05453597497393118	0.13388946819603753	0.4910323253388947
8	0.32064650677789364	0.1186652763295099	0.2122002085505735	0.3690302398331595

Filter 75
Pos	A	C	G	T
0	0.48672114402451483	0.09601634320735444	0.11256384065372829	0.3051072522982635
1	0.3175689479060266	0.11573033707865168	0.13513789581205313	0.43197139938712975
2	0.31481103166496427	0.1722165474974464	0.06925434116445352	0.44412665985699695
3	0.25240040858018387	0.17997957099080694	0.17446373850868233	0.39356486210418795
4	0.24759959141981613	0.2258426966292135	0.18386108273748722	0.34310520939734424
5	0.4399387129724208	0.12931562819203268	0.08968335035750766	0.3414708886618999
6	0.4334014300306435	0.12706843718079674	0.0874361593462717	0.35250255362614913
7	0.3881511746680286	0.1675178753830439	0.12400408580183861	0.32073544433094997
8	0.1787538304392237	0.17568947906026558	0.11920326864147089	0.5267620020429009

Filter 76
Pos	A	C	G	T
0	0.32877263581488936	0.13782696177062373	0.14849094567404428	0.3854124748490946
1	0.47263581488933604	0.12867203219315895	0.15472837022132796	0.24446680080482897
2	0.3927565392354125	0.07776659959758551	0.10331991951710262	0.4266599597585513
3	0.24668008048289738	0.20362173038229375	0.18148893360160967	0.3687122736418511
4	0.4753521126760563	0.13380281690140844	0.13420523138833	0.2571428571428571
5	0.6194164989939638	0.1045271629778672	0.02766599597585513	0.2488933601609658
6	0.5230382293762575	0.12162977867203219	0.0841046277665996	0.27173038229376256
7	0.4660965794768612	0.1346076458752515	0.1028169014084507	0.29698189134808856
8	0.5052313883299798	0.09245472837022133	0.03903420523138833	0.3637826961770624

Filter 77
Pos	A	C	G	T
0	0.3292806484295846	0.14265450861195542	0.07173252279635259	0.4625126646403242
1	0.157548125633232	0.1636271529888551	0.10861195542046606	0.5763931104356637
2	0.3955420466058764	0.12958459979736575	0.12218844984802432	0.3588652482269504
3	0.4391084093211753	0.0867274569402229	0.1652482269503546	0.315096251266464
4	0.30243161094224924	0.11003039513677812	0.15683890577507598	0.4368794326241135
5	0.29807497467071936	0.19574468085106383	0.13343465045592706	0.3789260385005066
6	0.42117527862208715	0.18044579533941235	0.17335359675785209	0.23120567375886525
7	0.43252279635258356	0.09878419452887538	0.10577507598784194	0.3690982776089159
8	0.3872340425531915	0.08743667679837892	0.048530901722391086	0.4829787234042553

Filter 78
Pos	A	C	G	T
0	0.43022571148184496	0.10353287536800786	0.08537782139352307	0.3958783120706575
1	0.41216879293424924	0.03434739941118744	0.07674190382728165	0.491756624141315
2	0.4719332679097154	0.07301275760549558	0.16987242394504415	0.3001962708537782
3	0.5359175662414132	0.07154072620215898	0.07654563297350343	0.3310107948969578
4	0.4197252208047105	0.036113837095191365	0.03768400392541708	0.5214916584887144
5	0.3223748773307164	0.10166830225711482	0.16162904808635917	0.429342492639843
6	0.48400392541707554	0.06879293424926398	0.15583905789990188	0.30637880274779195
7	0.5429833169774289	0.07006869479882237	0.1481844946025515	0.25377821393523065
8	0.46143277723258097	0.09960745829244357	0.08508341511285573	0.3688910696761531

Filter 79
Pos	A	C	G	T
0	0.4197271773347324	0.14417628541448058	0.12728226652675761	0.34081846799580273
1	0.5227701993704092	0.16726128016789088	0.10503672612801679	0.23693599160545645
2	0.577124868835257	0.0627492130115425	0.07114375655823714	0.3209863588667366
3	0.4774396642182581	0.12182581322140609	0.14270724029380902	0.2900314795383001
4	0.3973767051416579	0.13179433368310597	0.10692549842602309	0.3959076600209864
5	0.3180482686253935	0.21070304302203569	0.19244491080797482	0.31080797481636935
6	0.4016789087093389	0.16190975865687304	0.22738719832109128	0.2410283315844701
7	0.5767051416579223	0.12067156348373557	0.16327387198321092	0.1713536201469045
8	0.48090241343126966	0.09496327387198321	0.16820566631689401	0.28793284365162647

Filter 80
Pos	A	C	G	T
0	0.430978809283552	0.0508577194752775	0.09545913218970736	0.4296670030272452
1	0.2114026236125126	0.08587285570131181	0.10302724520686175	0.6066599394550959
2	0.30332996972754794	0.13733602421796165	0.17164480322906156	0.3946518668012109
3	0.3715438950554995	0.10282542885973764	0.09737638748738647	0.4352169525731584
4	0.4335015136226034	0.09475277497477295	0.09071644803229062	0.38799192734611504
5	0.47719475277497475	0.08839556004036327	0.13884964682139253	0.3025227043390515
6	0.4056508577194753	0.052976791120080725	0.06094853683148335	0.4873864783047427
7	0.19505549949545914	0.14732593340060546	0.16871846619576186	0.4958627648839556
8	0.3187689202825429	0.14894046417759838	0.1627648839556004	0.3764883955600404

Filter 81
Pos	A	C	G	T
0	0.5571428571428572	0.1074925074925075	0.13606393606393608	0.18711288711288712
1	0.5144855144855145	0.0973026973026973	0.15154845154845153	0.22447552447552446
2	0.34955044955044956	0.0992007992007992	0.08091908091908091	0.45814185814185815
3	0.3012987012987013	0.12397602397602397	0.1004995004995005	0.46203796203796205
4	0.3622377622377622	0.15054945054945054	0.07902097902097902	0.396003996003996
5	0.4398601398601399	0.12437562437562437	0.08471528471528472	0.3388611388611389
6	0.6066933066933067	0.10519480519480519	0.08631368631368631	0.18961038961038962
7	0.37572427572427575	0.12337662337662338	0.12287712287712288	0.36583416583416584
8	0.4996003996003996	0.11438561438561438	0.07252747252747253	0.3012987012987013

Filter 82
Pos	A	C	G	T
0	0.3347082494969819	0.17917505030181086	0.08148893360160966	0.3957746478873239
1	0.48601609657947686	0.13108651911468813	0.12474849094567404	0.24929577464788732
2	0.5878269617706238	0.1300804828973843	0.061871227364185113	0.2113682092555332
3	0.48329979879275653	0.1329979879275654	0.07243460764587525	0.30241448692152917
4	0.4018108651911469	0.10784708249496981	0.12162977867203219	0.3598591549295775
5	0.35694164989939636	0.15231388329979878	0.16498993963782696	0.31690140845070425
6	0.4318913480885312	0.08380281690140845	0.1079476861167002	0.36750503018108654
7	0.5454728370221328	0.0750503018108652	0.14406438631790744	0.22655935613682093
8	0.6270623742454728	0.08098591549295775	0.12474849094567404	0.15835010060362173

Filter 83
Pos	A	C	G	T
0	0.340041067761807	0.11314168377823408	0.06817248459958933	0.5017453798767967
1	0.33193018480492814	0.1608829568788501	0.17689938398357288	0.353388090349076
2	0.3360369609856263	0.10349075975359343	0.1037987679671458	0.4797741273100616
3	0.26724845995893226	0.15718685831622176	0.0839835728952772	0.514681724845996
4	0.2875770020533881	0.13203285420944558	0.12710472279260782	0.47638603696098564
5	0.3627310061601643	0.16591375770020533	0.07515400410677618	0.41930184804928133
6	0.32114989733059546	0.10390143737166324	0.06529774127310062	0.5327515400410677
7	0.26232032854209447	0.10041067761806982	0.18193018480492812	0.4784394250513347
8	0.21160164271047227	0.1704312114989733	0.17679671457905544	0.46427104722792606

Filter 84
Pos	A	C	G	T
0	0.5531936127744511	0.05918163672654691	0.0750499001996008	0.3183632734530938
1	0.243313373253493	0.19600798403193612	0.12065868263473054	0.44580838323353295
2	0.4597804391217565	0.08652694610778443	0.08403193612774451	0.37544910179640717
3	0.31027944111776445	0.17774451097804392	0.16087824351297406	0.3568862275449102
4	0.4058882235528942	0.14281437125748503	0.15778443113772456	0.29930139720558885
5	0.3626746506986028	0.12894211576846307	0.08083832335329341	0.43333333333333335
6	0.4153692614770459	0.13922155688622753	0.11147704590818364	0.3397205588822355
7	0.5416167664670659	0.1091816367265469	0.07065868263473053	0.2843313373253493
8	0.38672654690618763	0.11067864271457085	0.04231536926147705	0.4660678642714571

Filter 85
Pos	A	C	G	T
0	0.43509316770186335	0.11097308488612836	0.14078674948240166	0.32474120082815733
1	0.5311594202898551	0.08374741200828158	0.15610766045548655	0.24057971014492754
2	0.429296066252588	0.09440993788819876	0.08757763975155279	0.40031055900621115
3	0.36004140786749483	0.12877846790890268	0.08768115942028985	0.43509316770186335
4	0.6632505175983436	0.09627329192546584	0.08095238095238096	0.17111801242236024
5	0.5462732919254658	0.057971014492753624	0.0531055900621118	0.35424430641821947
6	0.32122153209109733	0.06925465838509316	0.07091097308488613	0.5502070393374742
7	0.3403726708074534	0.10797101449275362	0.14503105590062113	0.41821946169772256
8	0.45	0.12629399585921325	0.11149068322981366	0.3238095238095238

Filter 86
Pos	A	C	G	T
0	0.549009900990099	0.11772277227722772	0.11326732673267327	0.22356435643564357
1	0.594059405940594	0.0702970297029703	0.11702970297029704	0.22217821782178218
2	0.41356435643564354	0.11554455445544555	0.14534653465346534	0.3291089108910891
3	0.34445544554455443	0.06712871287128713	0.0893069306930693	0.5026732673267327
4	0.3686138613861386	0.1293069306930693	0.08465346534653466	0.420990099009901
5	0.409009900990099	0.12445544554455445	0.08801980198019801	0.3820792079207921
6	0.38554455445544555	0.11554455445544555	0.05297029702970297	0.4495049504950495
7	0.37732673267326733	0.09465346534653465	0.09128712871287128	0.4402970297029703
8	0.22881188118811882	0.13643564356435645	0.1599009900990099	0.4784158415841584

Filter 87
Pos	A	C	G	T
0	0.300989010989011	0.15824175824175823	0.1508791208791209	0.3921978021978022
1	0.3078021978021978	0.21956043956043955	0.10615384615384615	0.3687912087912088
2	0.40582417582417585	0.15604395604395604	0.07692307692307693	0.3635164835164835
3	0.2710989010989011	0.21032967032967034	0.10934065934065934	0.4115384615384615
4	0.34582417582417585	0.21395604395604395	0.07164835164835165	0.3708791208791209
5	0.5347252747252748	0.2154945054945055	0.05692307692307692	0.19516483516483515
6	0.41725274725274725	0.20186813186813188	0.09065934065934066	0.2925274725274725
7	0.42747252747252745	0.2424175824175824	0.09417582417582418	0.23824175824175825
8	0.4856043956043956	0.10692307692307693	0.07274725274725274	0.33703296703296703

Filter 88
Pos	A	C	G	T
0	0.5857421875	0.183203125	0.066015625	0.15517578125
1	0.41552734375	0.14951171875	0.05712890625	0.36796875
2	0.4400390625	0.10185546875	0.0806640625	0.367578125
3	0.37802734375	0.180078125	0.15419921875	0.27783203125
4	0.44130859375	0.106640625	0.0546875	0.3875
5	0.3216796875	0.087109375	0.13583984375	0.4455078125
6	0.29208984375	0.125390625	0.18203125	0.390625
7	0.4064453125	0.0923828125	0.1228515625	0.36845703125
8	0.48935546875	0.1142578125	0.178515625	0.2080078125

Filter 89
Pos	A	C	G	T
0	0.41826171875	0.14814453125	0.1013671875	0.3275390625
1	0.468359375	0.0966796875	0.04833984375	0.38193359375
2	0.34873046875	0.080859375	0.0869140625	0.47880859375
3	0.27666015625	0.1158203125	0.11845703125	0.484375
4	0.5689453125	0.08203125	0.0880859375	0.25625
5	0.55712890625	0.0884765625	0.10830078125	0.24140625
6	0.5234375	0.0826171875	0.13828125	0.2509765625
7	0.41376953125	0.11103515625	0.13408203125	0.33642578125
8	0.4994140625	0.10029296875	0.16025390625	0.2353515625

Filter 90
Pos	A	C	G	T
0	0.4325510204081633	0.19979591836734695	0.14714285714285713	0.2066326530612245
1	0.4854081632653061	0.16510204081632654	0.10183673469387755	0.23377551020408163
2	0.3419387755102041	0.1613265306122449	0.08673469387755102	0.3961224489795918
3	0.33040816326530614	0.13142857142857142	0.1483673469387755	0.3759183673469388
4	0.2539795918367347	0.10214285714285715	0.22275510204081633	0.40724489795918367
5	0.20051020408163264	0.1586734693877551	0.18193877551020407	0.445
6	0.3136734693877551	0.20357142857142857	0.12061224489795919	0.348265306122449
7	0.5108163265306123	0.07714285714285714	0.09612244897959184	0.3020408163265306
8	0.3955102040816327	0.12551020408163266	0.14316326530612244	0.32193877551020406

Filter 91
Pos	A	C	G	T
0	0.38934169278996866	0.11337513061650993	0.07951933124346917	0.43343782654127483
1	0.3979101358411703	0.0928944618599791	0.09331243469174504	0.4315569487983281
2	0.47523510971786836	0.09947753396029257	0.09947753396029257	0.3414838035527691
3	0.26415882967607107	0.15966562173458726	0.06572622779519331	0.5261233019853709
4	0.22936259143155696	0.1445141065830721	0.06823406478578892	0.5735632183908046
5	0.2826541274817137	0.11818181818181818	0.1154649947753396	0.4993730407523511
6	0.3270637408568443	0.09623824451410658	0.1373040752351097	0.455067920585162
7	0.28683385579937304	0.0709508881922675	0.12675026123301986	0.5311389759665621
8	0.34085684430512014	0.07241379310344828	0.10480668756530825	0.4975966562173459

Filter 92
Pos	A	C	G	T
0	0.4125395152792413	0.13066385669125394	0.14236037934668072	0.3325605900948367
1	0.6212855637513172	0.0827186512118019	0.0779768177028451	0.23614330874604847
2	0.3413066385669125	0.14541622760800843	0.12255005268703899	0.4088514225500527
3	0.3920969441517387	0.17365648050579557	0.11159114857744995	0.34077976817702843
4	0.35458377239199157	0.13371970495258167	0.07702845100105374	0.4527924130663857
5	0.3259220231822972	0.14425711275026343	0.11749209694415173	0.43045310853530033
6	0.536986301369863	0.13350895679662803	0.11043203371970495	0.23719704952581666
7	0.6636459430979978	0.05173867228661749	0.08998946259220232	0.21275026343519493
8	0.3030558482613277	0.14004214963119072	0.13287671232876713	0.4421496311907271

Filter 93
Pos	A	C	G	T
0	0.2965005302226935	0.16214209968186638	0.1337221633085896	0.41314952279957584
1	0.20424178154825026	0.11527041357370095	0.2168610816542948	0.4691410392364793
2	0.2732767762460233	0.1325556733828208	0.2349946977730647	0.36468716861081657
3	0.5135737009544008	0.10477200424178156	0.09724284199363732	0.2899257688229056
4	0.4474019088016967	0.10190880169671263	0.08854718981972429	0.36765641569459173
5	0.3131495227995758	0.20848356309650054	0.18685047720042416	0.2970307529162248
6	0.28038176033934253	0.12937433722163308	0.11399787910922587	0.4817603393425239
7	0.35418875927889715	0.12301166489925769	0.12173913043478261	0.40657476139978793
8	0.4218451749734889	0.14559915164369036	0.18494167550371157	0.25312831389183454

Filter 94
Pos	A	C	G	T
0	0.3949678800856531	0.1253747323340471	0.10642398286937901	0.3693790149892934
1	0.2551391862955032	0.23394004282655245	0.23554603854389722	0.2715203426124197
2	0.29710920770877947	0.11531049250535332	0.16423982869379014	0.4194860813704497
3	0.2987152034261242	0.12505353319057816	0.1234475374732334	0.44892933618843683
4	0.48458244111349036	0.11059957173447538	0.10085653104925053	0.3001070663811563
5	0.34229122055674516	0.14057815845824412	0.15289079229122055	0.36038543897216274
6	0.4849036402569593	0.15578158458244112	0.1012847965738758	0.25417558886509634
7	0.41167023554603854	0.14068522483940044	0.19646680942184155	0.24732334047109208
8	0.43897216274089934	0.2019271948608137	0.08832976445396146	0.2669164882226981

Filter 95
Pos	A	C	G	T
0	0.2948118006103764	0.14526958290946082	0.16571719226856563	0.39318413021363174
1	0.3876907426246185	0.20640895218718208	0.16734486266531026	0.2375381485249237
2	0.5315361139369278	0.11881993896236012	0.09216683621566633	0.25645981688708036
3	0.3563580874872838	0.07792472024415056	0.05717192268565616	0.507527975584944
4	0.2069175991861648	0.20996948118006104	0.16408952187182096	0.4180061037639878
5	0.2775178026449644	0.15350966429298066	0.10183112919633774	0.46612410986775177
6	0.3014242115971516	0.14496439471007122	0.10986775178026449	0.4427263479145473
7	0.4497456765005087	0.1595116988809766	0.12767039674465921	0.26205493387589013
8	0.36266531027466936	0.09938962360122075	0.10213631739572737	0.4347914547304171

Filter 96
Pos	A	C	G	T
0	0.3781909547738693	0.12100502512562814	0.08341708542713568	0.39819095477386934
1	0.47949748743718595	0.10623115577889447	0.0885427135678392	0.3065326633165829
2	0.30170854271356784	0.11919597989949748	0.10381909547738694	0.45608040201005023
3	0.28361809045226133	0.10944723618090452	0.13276381909547738	0.4549748743718593
4	0.2938693467336683	0.09758793969849246	0.18251256281407036	0.40683417085427137
5	0.25618090452261305	0.17648241206030152	0.1821105527638191	0.3660301507537688
6	0.3901507537688442	0.1650251256281407	0.17336683417085427	0.2522613065326633
7	0.5869346733668341	0.0821105527638191	0.1442211055276382	0.16753768844221106
8	0.3551758793969849	0.20030150753768844	0.12623115577889446	0.29909547738693465

Filter 97
Pos	A	C	G	T
0	0.4770392749244713	0.16424974823766364	0.13464249748237664	0.2133937562940584
1	0.5036253776435046	0.10493454179254784	0.10342396777442095	0.2773413897280967
2	0.37150050352467273	0.11289023162134945	0.13726082578046325	0.3676737160120846
3	0.3943605236656596	0.13001007049345417	0.06102719033232629	0.4039274924471299
4	0.22124874118831822	0.12618328298086606	0.07341389728096677	0.5684793554884189
5	0.22487411883182276	0.13413897280966766	0.11389728096676738	0.5164149043303122
6	0.3772406847935549	0.16837865055387713	0.11691842900302114	0.32678751258811684
7	0.32457200402819736	0.16676737160120847	0.1443101711983887	0.3536757301107754
8	0.3722054380664653	0.13192346424974824	0.19496475327291038	0.29023162134944613

Filter 98
Pos	A	C	G	T
0	0.37950052029136316	0.16566077003121749	0.14360041623309053	0.3332986472424558
1	0.4016649323621228	0.13038501560874088	0.1385015608740895	0.3515088449531738
2	0.36409989594172737	0.1335067637877211	0.23132154006243497	0.2931321540062435
3	0.26347554630593134	0.18834547346514047	0.1231009365244537	0.4471383975026015
4	0.43652445369406867	0.1323621227887617	0.08397502601456816	0.36919875130072843
5	0.49125910509885534	0.1210197710718002	0.17065556711758584	0.23912591050988555
6	0.3688865764828304	0.19895941727367325	0.1389177939646202	0.3152965660770031
7	0.6061394380853278	0.15900104058272632	0.06545265348595214	0.1914672216441207
8	0.5532778355879292	0.1392299687825182	0.11425598335067638	0.21529656607700312

Filter 99
Pos	A	C	G	T
0	0.3464876033057851	0.10537190082644628	0.12303719008264463	0.4453512396694215
1	0.390495867768595	0.08791322314049586	0.20723140495867767	0.3346074380165289
2	0.4134297520661157	0.07334710743801653	0.16776859504132233	0.365702479338843
3	0.2006198347107438	0.08429752066115702	0.16384297520661156	0.5714876033057851
4	0.3528925619834711	0.14545454545454545	0.17293388429752066	0.34896694214876034
5	0.3728305785123967	0.16291322314049586	0.12644628099173555	0.35805785123966943
6	0.22303719008264464	0.16198347107438016	0.19462809917355373	0.440599173553719
7	0.4284090909090909	0.12128099173553719	0.15671487603305786	0.3138429752066116
8	0.2412190082644628	0.13078512396694214	0.11456611570247933	0.5336776859504132

Filter 100
Pos	A	C	G	T
0	0.25564681724845995	0.10369609856262833	0.06858316221765914	0.5636550308008214
1	0.25277207392197126	0.14969199178644763	0.08326488706365504	0.5058521560574949
2	0.4530800821355236	0.1555441478439425	0.06848049281314168	0.314476386036961
3	0.37802874743326487	0.14568788501026694	0.07104722792607802	0.3968172484599589
4	0.28367556468172483	0.11858316221765913	0.06293634496919918	0.5263860369609856
5	0.36817248459958934	0.1444558521560575	0.07207392197125256	0.4068788501026694
6	0.5143737166324436	0.10482546201232033	0.0955852156057495	0.2767967145790554
7	0.38429158110882955	0.13613963039014373	0.08921971252566735	0.38193018480492813
8	0.46416837782340864	0.04835728952772074	0.08018480492813142	0.398870636550308

Filter 101
Pos	A	C	G	T
0	0.42992992992992995	0.1032032032032032	0.12372372372372373	0.3196196196196196
1	0.5306306306306307	0.09009009009009009	0.093993993993994	0.26176176176176175
2	0.5545545545545546	0.13003003003003002	0.1039039039039039	0.187987987987988
3	0.6271271271271271	0.07747747747747748	0.07537537537537538	0.1964964964964965
4	0.5225225225225225	0.11511511511511512	0.13043043043043043	0.2084084084084084
5	0.45135135135135135	0.11651651651651651	0.18458458458458457	0.22402402402402402
6	0.35195195195195195	0.1023023023023023	0.12992992992992994	0.3922922922922923
7	0.405005005005005	0.06736736736736737	0.09789789789789789	0.40620620620620623
8	0.37907907907907906	0.08808808808808809	0.1111111111111111	0.3981981981981982

Filter 102
Pos	A	C	G	T
0	0.5841414141414142	0.18646464646464647	0.06333333333333334	0.1593939393939394
1	0.5073737373737374	0.06202020202020202	0.07424242424242425	0.3496969696969697
2	0.42515151515151517	0.1398989898989899	0.10383838383838384	0.3244444444444444
3	0.2793939393939394	0.10565656565656566	0.1809090909090909	0.42737373737373735
4	0.301010101010101	0.1405050505050505	0.14747474747474748	0.40434343434343434
5	0.231010101010101	0.19262626262626262	0.17616161616161616	0.3935353535353535
6	0.3752525252525252	0.15525252525252525	0.1592929292929293	0.30353535353535355
7	0.4678787878787879	0.12	0.10808080808080808	0.2973737373737374
8	0.3527272727272727	0.1388888888888889	0.1	0.4017171717171717

Filter 103
Pos	A	C	G	T
0	0.5103658536585366	0.10284552845528455	0.10630081300813009	0.2850609756097561
1	0.5310975609756098	0.09532520325203252	0.08790650406504065	0.29024390243902437
2	0.510060975609756	0.15955284552845528	0.08363821138211382	0.25132113821138213
3	0.31453252032520324	0.09247967479674797	0.055284552845528454	0.5422764227642276
4	0.3769308943089431	0.12571138211382113	0.07693089430894309	0.425
5	0.44410569105691056	0.1318089430894309	0.07235772357723577	0.3563008130081301
6	0.3983739837398374	0.1548780487804878	0.12794715447154473	0.3233739837398374
7	0.6197154471544716	0.09126016260162602	0.056707317073170734	0.236890243902439
8	0.5347560975609756	0.06778455284552845	0.07632113821138212	0.3257113821138211

Filter 104
Pos	A	C	G	T
0	0.3139795918367347	0.18581632653061225	0.15142857142857144	0.33346938775510204
1	0.21714285714285714	0.12377551020408163	0.08163265306122448	0.5621428571428572
2	0.31244897959183676	0.13653061224489796	0.20326530612244897	0.3324489795918367
3	0.38642857142857145	0.1442857142857143	0.10336734693877551	0.35061224489795917
4	0.3539795918367347	0.19285714285714287	0.14357142857142857	0.29428571428571426
5	0.47959183673469385	0.06591836734693877	0.07265306122448979	0.36653061224489797
6	0.3963265306122449	0.1680612244897959	0.1660204081632653	0.2542857142857143
7	0.35989795918367345	0.09387755102040816	0.13795918367346938	0.3929591836734694
8	0.5007142857142857	0.060816326530612246	0.16010204081632654	0.2630612244897959

Filter 105
Pos	A	C	G	T
0	0.47391304347826085	0.13207729468599033	0.11855072463768115	0.24454106280193236
1	0.40318840579710147	0.11623188405797101	0.09053140096618358	0.3591304347826087
2	0.45130434782608697	0.13178743961352657	0.1522705314009662	0.23371980676328502
3	0.49140096618357487	0.1344927536231884	0.15584541062801932	0.18734299516908212
4	0.6031884057971014	0.12357487922705314	0.1042512077294686	0.13806763285024154
5	0.5381642512077295	0.09043478260869565	0.10038647342995169	0.2400966183574879
6	0.5157487922705314	0.11333333333333333	0.14367149758454106	0.19632850241545893
7	0.34743961352657005	0.11246376811594203	0.12028985507246377	0.3888888888888889
8	0.32956521739130434	0.1114975845410628	0.17207729468599034	0.35594202898550725

Filter 106
Pos	A	C	G	T
0	0.29138655462184876	0.1383403361344538	0.1203781512605042	0.4574579831932773
1	0.44915966386554623	0.1319327731092437	0.13676470588235295	0.2897058823529412
2	0.36775210084033616	0.12058823529411765	0.12048319327731093	0.39873949579831935
3	0.2073529411764706	0.2380252100840336	0.15640756302521008	0.40577731092436975
4	0.35861344537815126	0.14600840336134455	0.1657563025210084	0.33718487394957986
5	0.5897058823529412	0.08539915966386555	0.1254201680672269	0.20703781512605043
6	0.4704831932773109	0.12058823529411765	0.07121848739495798	0.3452731092436975
7	0.28508403361344536	0.19527310924369748	0.13781512605042018	0.389390756302521
8	0.54390756302521	0.13876050420168068	0.10735294117647058	0.2175420168067227

Filter 107
Pos	A	C	G	T
0	0.32940584088620345	0.09234642497482376	0.12114803625377643	0.4608257804632427
1	0.3011077542799597	0.08469284994964753	0.14672708962739175	0.47119838872104736
2	0.30453172205438067	0.1564954682779456	0.15176233635448136	0.39093655589123866
3	0.4038267875125881	0.08751258811681772	0.11470292044310171	0.39768378650553876
4	0.4556898288016113	0.061933534743202415	0.12910372608257806	0.35699899295065457
5	0.3613293051359517	0.06576032225579054	0.14934541792547834	0.4272910372608258
6	0.37250755287009063	0.07854984894259819	0.1190332326283988	0.4336354481369587
7	0.23413897280966767	0.09647532729103726	0.1677744209466264	0.505337361530715
8	0.13152064451158108	0.0755287009063444	0.18882175226586104	0.6078549848942598

Filter 108
Pos	A	C	G	T
0	0.2587	0.1486	0.0651	0.52
1	0.2143	0.1622	0.139	0.4769
2	0.2506	0.1351	0.1066	0.5001
3	0.3719	0.1117	0.0734	0.4354
4	0.4849	0.1316	0.1031	0.2728
5	0.4653	0.1313	0.1072	0.2886
6	0.3288	0.1017	0.1083	0.4536
7	0.3206	0.1277	0.1415	0.4026
8	0.5052	0.1521	0.0981	0.237

Filter 109
Pos	A	C	G	T
0	0.4158730158730159	0.07857142857142857	0.18253968253968253	0.3171626984126984
1	0.38918650793650794	0.13273809523809524	0.09613095238095239	0.37609126984126984
2	0.18660714285714286	0.1484126984126984	0.17212301587301587	0.48700396825396824
3	0.39384920634920634	0.09186507936507937	0.16865079365079366	0.33978174603174605
4	0.31319444444444444	0.05476190476190476	0.1123015873015873	0.5138888888888888
5	0.35555555555555557	0.07658730158730159	0.06279761904761905	0.4992063492063492
6	0.19672619047619047	0.16091269841269842	0.16815476190476192	0.4683531746031746
7	0.32589285714285715	0.17837301587301588	0.10724206349206349	0.38263888888888886
8	0.37371031746031746	0.09503968253968254	0.1373015873015873	0.3880952380952381

Filter 110
Pos	A	C	G	T
0	0.43336886993603413	0.04541577825159915	0.17004264392324095	0.3665245202558635
1	0.45010660980810235	0.06844349680170576	0.2546908315565032	0.24211087420042643
2	0.43272921108742	0.030063965884861408	0.07388059701492537	0.47867803837953093
3	0.36727078891257997	0.08390191897654584	0.10906183368869936	0.45511727078891256
4	0.5579957356076759	0.06460554371002132	0.06588486140724947	0.32686567164179103
5	0.4783582089552239	0.14626865671641792	0.0628997867803838	0.32782515991471217
6	0.43582089552238806	0.17121535181236675	0.1105543710021322	0.29776119402985074
7	0.45437100213219617	0.16599147121535182	0.12281449893390192	0.27217484008528786
8	0.4507462686567164	0.094136460554371	0.13049040511727078	0.33997867803837956

Filter 111
Pos	A	C	G	T
0	0.3373860182370821	0.11914893617021277	0.09078014184397164	0.4514690982776089
1	0.4533941236068896	0.10253292806484296	0.11803444782168186	0.324822695035461
2	0.350354609929078	0.05339412360688956	0.10577507598784194	0.48926038500506586
3	0.3178318135764944	0.058662613981762916	0.17821681864235056	0.4440729483282675
4	0.20253292806484297	0.0894630192502533	0.09513677811550152	0.6116514690982776
5	0.37193515704154	0.08926038500506586	0.12380952380952381	0.4137791286727457
6	0.5044579533941236	0.04113475177304964	0.07375886524822695	0.37943262411347517
7	0.39675785207700104	0.06089159067882472	0.09331306990881459	0.44782168186423504
8	0.3802431610942249	0.10536980749746708	0.15430597771023302	0.3588652482269504

Filter 112
Pos	A	C	G	T
0	0.21282565130260522	0.06763527054108216	0.13206412825651304	0.5706412825651302
1	0.37635270541082166	0.08957915831663327	0.20110220440881763	0.3161322645290581
2	0.42925851703406814	0.1029058116232465	0.16372745490981963	0.2872745490981964
3	0.35420841683366733	0.08707414829659318	0.09258517034068137	0.4492985971943888
4	0.2964929859719439	0.1160320641282565	0.17024048096192385	0.4004008016032064
5	0.5471943887775551	0.08186372745490982	0.1523046092184369	0.20180360721442886
6	0.47274549098196395	0.07795591182364729	0.05430861723446894	0.3781563126252505
7	0.38006012024048097	0.0687374749498998	0.0843687374749499	0.45
8	0.35150300601202406	0.12565130260521043	0.10280561122244489	0.4032064128256513

Filter 113
Pos	A	C	G	T
0	0.2892518440463646	0.13287671232876713	0.09905163329820864	0.5133825079030558
1	0.23424657534246576	0.10368809272918862	0.13150684931506848	0.5651211801896734
2	0.405795574288725	0.11601685985247628	0.14625922023182297	0.36649104320337195
3	0.2758693361433087	0.0851422550052687	0.10621707060063225	0.5673340358271866
4	0.22223393045310855	0.10663856691253952	0.16817702845100105	0.5375131717597471
5	0.3590094836670179	0.08282402528977871	0.10684931506849316	0.4858798735511064
6	0.2958904109589041	0.0714436248682824	0.13761854583772393	0.5296101159114858
7	0.3344573234984194	0.11464699683877766	0.10684931506849316	0.478609062170706
8	0.3322444678609062	0.12571127502634352	0.11201264488935722	0.4645943097997893

Filter 114
Pos	A	C	G	T
0	0.49348931841302135	0.06653102746693794	0.10752797558494405	0.340793489318413
1	0.32136317395727365	0.14109867751780264	0.12410986775178026	0.42177009155645984
2	0.4237029501525941	0.17639877924720243	0.1288911495422177	0.27934893184130216
3	0.675381485249237	0.11810783316378433	0.07965412004069176	0.13519837232960324
4	0.5541200406917599	0.13468972533062054	0.058697863682604275	0.2608341810783316
5	0.466734486266531	0.14598168870803663	0.062970498474059	0.3326551373346897
6	0.5379450661241099	0.07100712105798576	0.16063072227873856	0.2387589013224822
7	0.49359104781281793	0.08453713123092574	0.11993896236012208	0.31027466937945064
8	0.3261444557477111	0.13570701932858595	0.10539165818921668	0.44109867751780263

Filter 115
Pos	A	C	G	T
0	0.4267198404785643	0.07746759720837487	0.1349950149551346	0.33310069790628116
1	0.2622133599202393	0.06689930209371885	0.05613160518444666	0.5870388833499501
2	0.3510468594217348	0.1032901296111665	0.0769690927218345	0.44097706879361914
3	0.2695912263210369	0.1617148554336989	0.14705882352941177	0.3939182452642074
4	0.53160518444666	0.08693918245264208	0.12083748753738784	0.23290129611166502
5	0.3621136590229312	0.1304087736789631	0.0893320039880359	0.3904287138584247
6	0.4390827517447657	0.15533399800598205	0.1110667996011964	0.2667996011964108
7	0.4287138584247258	0.1028913260219342	0.052642073778664006	0.38803589232303093
8	0.27088733798604187	0.1423728813559322	0.14107676969092722	0.41794616151545366

Filter 116
Pos	A	C	G	T
0	0.5095777548918641	0.09001029866117405	0.11565396498455201	0.30803295571575695
1	0.456951596292482	0.10525231719876416	0.17734294541709578	0.28372811534500514
2	0.4431513903192585	0.11637487126673532	0.182389289392379	0.28135942327497426
3	0.5837281153450051	0.09340885684860968	0.12801235839340885	0.21812564366632337
4	0.5809474768280124	0.04325437693099897	0.20895983522142123	0.19011328527291452
5	0.3349124613800206	0.0917610710607621	0.14788877445932028	0.44871266735324405
6	0.42296601441812565	0.09958805355303811	0.10113285272914521	0.3995880535530381
7	0.4867147270854789	0.1269824922760041	0.1364572605561277	0.2731204943357364
8	0.3169927909371782	0.17167868177136972	0.18970133882595264	0.34490216271884655

Filter 117
Pos	A	C	G	T
0	0.3254413291796469	0.2019730010384216	0.16022845275181724	0.3370716510903427
1	0.3157840083073728	0.17767393561786085	0.11869158878504672	0.41256490134994805
2	0.5300103842159917	0.1221183800623053	0.11235721703011423	0.2602284527518172
3	0.205607476635514	0.1928348909657321	0.08878504672897196	0.5374870197300103
4	0.2106957424714434	0.17964693665628245	0.10903426791277258	0.52533748701973
5	0.428141225337487	0.1561786085150571	0.1474558670820353	0.292938733125649
6	0.3801661474558671	0.16573208722741434	0.17206645898234682	0.30674974039460023
7	0.3276220145379024	0.11038421599169262	0.13385254413291797	0.4528556593977155
8	0.3304257528556594	0.13551401869158877	0.14766355140186915	0.4111111111111111

Filter 118
Pos	A	C	G	T
0	0.4316649642492339	0.13401430030643513	0.17763023493360572	0.25638406537282943
1	0.3229826353421859	0.169050051072523	0.1572012257405516	0.3504596527068437
2	0.22778345250255363	0.1662921348314607	0.12880490296220634	0.47681307456588357
3	0.19193054136874363	0.18314606741573033	0.21787538304392237	0.4067415730337079
4	0.3572012257405516	0.15587334014300305	0.19601634320735445	0.2906026557711951
5	0.473953013278856	0.1763023493360572	0.13697650663942798	0.212461695607763
6	0.3534218590398366	0.19152196118488254	0.10551583248212462	0.34923391215526045
7	0.42951991828396324	0.16772216547497446	0.11940755873340143	0.28304392236976506
8	0.33646578140960165	0.12911133810010214	0.17538304392236975	0.35873340143003063

Filter 119
Pos	A	C	G	T
0	0.5186023622047244	0.08651574803149606	0.10275590551181102	0.2670275590551181
1	0.5199803149606299	0.058464566929133856	0.08218503937007875	0.3142716535433071
2	0.4141732283464567	0.04773622047244094	0.1377952755905512	0.37519685039370076
3	0.5058070866141732	0.06210629921259842	0.12903543307086615	0.27795275590551183
4	0.44438976377952755	0.06062992125984252	0.10698818897637795	0.3628937007874016
5	0.5706692913385827	0.07145669291338583	0.09980314960629921	0.2329724409448819
6	0.5757874015748031	0.06200787401574803	0.16929133858267717	0.16781496062992127
7	0.4596456692913386	0.09872047244094488	0.125	0.29153543307086616
8	0.4483267716535433	0.1171259842519685	0.14891732283464568	0.26053149606299214

Filter 120
Pos	A	C	G	T
0	0.25552147239263806	0.0754601226993865	0.1312883435582822	0.570961145194274
1	0.3072597137014315	0.1448875255623722	0.12505112474437627	0.4560327198364008
2	0.3745398773006135	0.1229038854805726	0.1586912065439673	0.37709611451942743
3	0.5071574642126789	0.13977505112474436	0.10194274028629857	0.2843558282208589
4	0.47259713701431494	0.11503067484662577	0.1083844580777096	0.33721881390593045
5	0.5278118609406953	0.15245398773006136	0.1165644171779141	0.23640081799591003
6	0.5887525562372188	0.1310838445807771	0.08629856850715746	0.2270961145194274
7	0.4466257668711656	0.08568507157464213	0.1147239263803681	0.3861963190184049
8	0.2650306748466258	0.1523517382413088	0.11226993865030675	0.5035787321063395

Filter 121
Pos	A	C	G	T
0	0.42560083594566356	0.13385579937304076	0.10731452455590387	0.3380355276907001
1	0.4430512016718913	0.10950888192267502	0.1012539184952978	0.3509926854754441
2	0.39905956112852664	0.16353187042842215	0.0890282131661442	0.35318704284221525
3	0.2346917450365726	0.1304075235109718	0.1077324973876698	0.5319749216300941
4	0.3275862068965517	0.103239289446186	0.14576802507836992	0.42821316614420063
5	0.44242424242424244	0.06029258098223615	0.08181818181818182	0.4202716823406479
6	0.190282131661442	0.1038662486938349	0.07053291536050156	0.6401253918495298
7	0.34806687565308253	0.11044932079414838	0.16227795193312436	0.384012539184953
8	0.5599791013584117	0.09299895506792058	0.12288401253918495	0.228944618599791

Filter 122
Pos	A	C	G	T
0	0.34904714142427284	0.11003009027081244	0.15195586760280844	0.38194583751253763
1	0.42136409227683047	0.11213640922768305	0.13681043129388165	0.3226680040120361
2	0.5300902708124373	0.13781344032096288	0.13410230692076228	0.19097291875626882
3	0.49317953861584757	0.09578736208625878	0.11995987963891674	0.28405215646940823
4	0.5861584754262789	0.07392176529588766	0.15787362086258777	0.17502507522567703
5	0.5113340020060181	0.0704112337011033	0.10310932798395185	0.3081243731193581
6	0.3743229689067202	0.11043129388164494	0.12868605817452358	0.3795386158475426
7	0.5851554663991976	0.07181544633901706	0.16208625877632898	0.17392176529588765
8	0.5182547642928786	0.07432296890672016	0.08866599799398195	0.31173520561685053

Filter 123
Pos	A	C	G	T
0	0.3470031545741325	0.12944269190325972	0.15993690851735015	0.39516298633017877
1	0.18475289169295478	0.10620399579390116	0.11198738170347003	0.6286014721345952
2	0.20672975814931652	0.08864353312302839	0.16203995793901158	0.5741324921135647
3	0.3889589905362776	0.11692954784437434	0.18317560462670873	0.3424815983175605
4	0.338801261829653	0.12429022082018927	0.14132492113564668	0.42712933753943216
5	0.3830704521556257	0.12039957939011567	0.15509989484752892	0.3729758149316509
6	0.35888538380651946	0.09926393270241851	0.15036803364879076	0.42302839116719243
7	0.22618296529968454	0.11230283911671925	0.14763406940063092	0.5454258675078865
8	0.32597266035751843	0.0946372239747634	0.1110410094637224	0.49989484752891694

Filter 124
Pos	A	C	G	T
0	0.4747783251231527	0.14157635467980295	0.1554679802955665	0.2205911330049261
1	0.5566502463054187	0.09221674876847291	0.19201970443349753	0.15152709359605912
2	0.6287684729064039	0.0910344827586207	0.11901477832512315	0.1535960591133005
3	0.4652216748768473	0.07064039408866996	0.15428571428571428	0.30226600985221674
4	0.3884729064039409	0.11004926108374384	0.16532019704433498	0.32857142857142857
5	0.35133004926108374	0.13330049261083743	0.16078817733990147	0.3469950738916256
6	0.409064039408867	0.1077832512315271	0.11724137931034483	0.35832512315270937
7	0.3405911330049261	0.15379310344827588	0.12541871921182265	0.37261083743842366
8	0.47793103448275864	0.12394088669950738	0.12758620689655173	0.2629556650246305

Filter 125
Pos	A	C	G	T
0	0.5204322200392927	0.09194499017681729	0.0799607072691552	0.268664047151277
1	0.5916502946954814	0.06836935166994106	0.0793713163064833	0.22161100196463654
2	0.4454813359528487	0.1343811394891945	0.13359528487229863	0.2475442043222004
3	0.4951866404715128	0.10952848722986247	0.09528487229862476	0.26100196463654224
4	0.5576620825147348	0.07691552062868369	0.14233791748526523	0.18408644400785854
5	0.40589390962671906	0.10609037328094302	0.07603143418467584	0.37298624754420434
6	0.46080550098231826	0.0893909626719057	0.07387033398821218	0.3369351669941061
7	0.4945972495088409	0.12897838899803538	0.14852652259332025	0.18889980353634578
8	0.5425343811394892	0.0893909626719057	0.10520628683693517	0.22387033398821218

Filter 126
Pos	A	C	G	T
0	0.3701701701701702	0.13023023023023023	0.11801801801801802	0.3737737737737738
1	0.44974974974974974	0.15255255255255254	0.1089089089089089	0.28098098098098095
2	0.6162162162162163	0.0998998998998999	0.10760760760760761	0.16846846846846847
3	0.5501501501501501	0.0974974974974975	0.08078078078078078	0.26376376376376376
4	0.45385385385385385	0.15555555555555556	0.09029029029029029	0.2924924924924925
5	0.5835835835835835	0.14584584584584584	0.07887887887887887	0.18388388388388388
6	0.54994994994995	0.04594594594594595	0.05415415415415415	0.34214214214214217
7	0.41701701701701704	0.13183183183183184	0.0937937937937938	0.34954954954954953
8	0.5244244244244244	0.11011011011011011	0.05435435435435435	0.3033033033033033

Filter 127
Pos	A	C	G	T
0	0.47247796278158666	0.09138099902056807	0.12938295788442702	0.2726738491674829
1	0.33966699314397647	0.11429970617042115	0.09461312438785505	0.41733594515181194
2	0.34593535749265425	0.09431929480901077	0.09578844270323213	0.4298726738491675
3	0.3940254652301665	0.10920666013712046	0.09030362389813908	0.3723800195886386
4	0.406562193927522	0.0990205680705191	0.1492654260528893	0.3110675808031342
5	0.4027424094025465	0.12850146914789423	0.131537708129285	0.3031341821743389
6	0.568560235063663	0.08893241919686581	0.06209598432908913	0.2463271302644466
7	0.43780607247796277	0.07610186092066601	0.1436826640548482	0.3083251714005877
8	0.4963761018609207	0.1376101860920666	0.23202742409402546	0.09990205680705191

