Filter 0
Pos	A	C	G	T
0	0.0	0.42524558	0.42388323	0.15087114
1	0.0	0.09456483	0.57883155	0.32660362
2	0.33146548	0.18663482	0.48189968	0.0
3	0.4365822	0.0	0.5046976	0.058720168
4	0.31628188	0.0	0.4707833	0.21293484
5	0.37440458	0.6044621	0.02113336	0.0
6	0.0	0.10575142	0.300671	0.59357756
7	0.23094028	0.0	0.6767184	0.09234135
8	0.37737298	0.36169007	0.26093692	0.0

Filter 1
Pos	A	C	G	T
0	0.0	0.28482896	0.066426806	0.6487442
1	0.0	0.38238424	0.29868698	0.31892875
2	0.0	0.29331893	0.357559	0.34912208
3	0.16858706	0.2187794	0.6126335	0.0
4	0.38293192	0.0	0.5315991	0.08546902
5	0.0	0.08919496	0.56717014	0.34363487
6	0.0	0.37953398	0.43076384	0.18970215
7	0.0	0.25138837	0.081039935	0.6675717
8	0.40793663	0.5399834	0.0	0.052080024

Filter 2
Pos	A	C	G	T
0	0.20744394	0.0	0.45127937	0.34127665
1	0.28544414	0.0	0.4301981	0.2843578
2	0.57231635	0.30917603	0.11850764	0.0
3	0.3487494	0.38698897	0.0	0.26426166
4	0.53224504	0.2079523	0.0	0.2598027
5	0.42310426	0.20843859	0.0	0.36845723
6	0.42291453	0.46034893	0.0	0.11673659
7	0.0	0.20148563	0.21235171	0.5861627
8	0.6156147	0.0	0.2283893	0.15599608

Filter 3
Pos	A	C	G	T
0	0.16675468	0.5466994	0.0	0.28654593
1	0.2226176	0.28482527	0.49255714	0.0
2	0.12635401	0.6180373	0.0	0.25560868
3	0.08588484	0.82542676	0.0	0.0886884
4	0.0	0.44387355	0.5307655	0.02536097
5	0.12358962	0.0	0.587783	0.28862742
6	0.40774927	0.0	0.49843118	0.093819596
7	0.4724203	0.034950364	0.0	0.4926293
8	0.0	0.025579832	0.5099714	0.46444878

Filter 4
Pos	A	C	G	T
0	0.09874006	0.36543167	0.0	0.5358282
1	0.0	0.20557563	0.5785252	0.2158992
2	0.3735186	0.37146398	0.2550174	0.0
3	0.50473887	0.0	0.24108082	0.25418028
4	0.6598897	0.0	0.163201	0.17690934
5	0.1387131	0.0	0.5136212	0.3476657
6	0.1259942	0.0	0.60933954	0.26466626
7	0.11829445	0.41866308	0.0	0.46304244
8	0.042925473	0.26022527	0.6968493	0.0

Filter 5
Pos	A	C	G	T
0	0.2964875	0.32919526	0.3743173	0.0
1	0.47337127	0.0	0.032932103	0.49369657
2	0.0	0.41257694	0.17588432	0.41153872
3	0.3988998	0.0	0.2941155	0.30698466
4	0.19911206	0.31681642	0.0	0.48407158
5	0.0	0.4235029	0.53184724	0.04464984
6	0.4397408	0.0	0.3347337	0.2255255
7	0.23617235	0.37368914	0.3901385	0.0
8	0.48751083	0.2780805	0.23440869	0.0

Filter 6
Pos	A	C	G	T
0	0.0	0.571935	0.21552065	0.2125444
1	0.4393742	0.27490598	0.0	0.2857198
2	0.7258777	0.12400653	0.15011579	0.0
3	0.43788138	0.0	0.29323673	0.2688818
4	0.23146427	0.18417944	0.0	0.5843563
5	0.33996883	0.4424598	0.0	0.2175714
6	0.032345403	0.37819618	0.5894584	0.0
7	0.30526906	0.3136214	0.38110957	0.0
8	0.5305738	0.0	0.2662458	0.20318042

Filter 7
Pos	A	C	G	T
0	0.19182584	0.0	0.48207235	0.32610184
1	0.006669548	0.24537288	0.7479575	0.0
2	0.04614692	0.8768027	0.07705041	0.0
3	0.19890009	0.5110823	0.29001758	0.0
4	0.0	0.09639463	0.49219394	0.41141146
5	0.3863725	0.46751463	0.14611287	0.0
6	0.2744528	0.34311667	0.38243055	0.0
7	0.0	0.627405	0.1487613	0.22383368
8	0.5098463	0.30344954	0.0	0.18670414

Filter 8
Pos	A	C	G	T
0	0.3246651	0.34633595	0.3289989	0.0
1	0.0	0.38259652	0.342909	0.2744945
2	0.3821943	0.18037102	0.0	0.43743458
3	0.0	0.12126719	0.6294866	0.24924617
4	0.16426697	0.63102025	0.0	0.20471282
5	0.0	0.32673886	0.38146347	0.29179764
6	0.7328433	0.0	0.09391994	0.17323676
7	0.0	0.12422226	0.5082136	0.3675641
8	0.39364144	0.0	0.10272482	0.50363374

Filter 9
Pos	A	C	G	T
0	0.0	0.16385773	0.58668005	0.24946225
1	0.0	0.18940014	0.53153396	0.27906585
2	0.0	0.34160614	0.2964121	0.3619818
3	0.04701157	0.8055762	0.0	0.14741224
4	0.4098237	0.5263408	0.0	0.06383552
5	0.18394905	0.48459944	0.33145145	0.0
6	0.3758851	0.22458775	0.39952716	0.0
7	0.115632586	0.31684804	0.5675194	0.0
8	0.29278243	0.02921859	0.67799896	0.0

Filter 10
Pos	A	C	G	T
0	0.36648983	0.32051134	0.0	0.31299886
1	0.27045286	0.3282069	0.0	0.4013402
2	0.15138905	0.29518294	0.553428	0.0
3	0.33272576	0.46098095	0.0	0.2062933
4	0.62760174	0.3643674	0.0	0.008030942
5	0.46711293	0.08396317	0.0	0.44892395
6	0.37140736	0.0	0.08087299	0.5477196
7	0.28827366	0.1739358	0.0	0.53779054
8	0.09609933	0.0	0.20501998	0.69888073

Filter 11
Pos	A	C	G	T
0	0.75667346	0.2219424	0.021384167	0.0
1	0.0	0.048030283	0.29852402	0.65344566
2	0.0	0.33521026	0.29196092	0.37282878
3	0.0	0.08917455	0.48911342	0.42171204
4	0.26498324	0.020194177	0.7148226	0.0
5	0.32785243	0.6122394	0.0	0.059908096
6	0.0	0.15151696	0.07770281	0.7707802
7	0.10963175	0.5030895	0.0	0.3872788
8	0.11569239	0.5043282	0.0	0.37997937

Filter 12
Pos	A	C	G	T
0	0.4254166	0.33814853	0.0	0.23643485
1	0.0	0.30135298	0.26668328	0.43196374
2	0.04952882	0.3445985	0.6058727	0.0
3	0.34742817	0.46630457	0.0	0.18626723
4	0.6049905	0.22627068	0.16873881	0.0
5	0.008371132	0.3364726	0.65515625	0.0
6	0.0	0.062338483	0.30752552	0.630136
7	0.12313371	0.22980617	0.6470601	0.0
8	0.0	0.15937258	0.51274335	0.32788414

Filter 13
Pos	A	C	G	T
0	0.26169428	0.24366675	0.49463892	0.0
1	0.66339594	0.1103914	0.22621267	0.0
2	0.32155704	0.0	0.41251877	0.26592422
3	0.3252592	0.3536381	0.3211027	0.0
4	0.0	0.26323548	0.46456298	0.2722015
5	0.0	0.08530876	0.23684795	0.6778432
6	0.12034191	0.0	0.64307445	0.23658364
7	0.23941526	0.48492312	0.27566168	0.0
8	0.25651434	0.0	0.44376022	0.29972547

Filter 14
Pos	A	C	G	T
0	0.035530157	0.050342485	0.0	0.91412735
1	0.28395203	0.0	0.12176234	0.5942856
2	0.0	0.13390666	0.06658827	0.79950505
3	0.1416984	0.3918179	0.0	0.4664837
4	0.24042389	0.0	0.24075161	0.5188245
5	0.10504328	0.0	0.35757488	0.5373818
6	0.0	0.3743467	0.55869985	0.06695352
7	0.0	0.52077985	0.39261276	0.08660741
8	0.24185841	0.29696625	0.0	0.46117532

Filter 15
Pos	A	C	G	T
0	0.5346123	0.19316469	0.27222297	0.0
1	0.20268023	0.40122974	0.39609006	0.0
2	0.5104308	0.0	0.35259	0.1369792
3	0.12547559	0.21567704	0.0	0.65884733
4	0.3068268	0.0	0.19301786	0.5001553
5	0.12760712	0.35213956	0.0	0.5202533
6	0.43297818	0.22186804	0.0	0.34515378
7	0.39207566	0.18411417	0.0	0.42381015
8	0.5078686	0.21125375	0.0	0.28087768

Filter 16
Pos	A	C	G	T
0	0.56499916	0.0	0.25635293	0.17864786
1	0.26665008	0.0	0.33396694	0.39938295
2	0.24441381	0.0	0.39510533	0.36048084
3	0.16899224	0.0	0.5849739	0.24603389
4	0.2544013	0.0	0.57602817	0.1695705
5	0.16795422	0.08618462	0.7458611	0.0
6	0.4306616	0.07005647	0.49928194	0.0
7	0.3289132	0.0	0.5868613	0.08422552
8	0.579837	0.13475528	0.28540772	0.0

Filter 17
Pos	A	C	G	T
0	0.5229562	0.0	0.16300122	0.31404254
1	0.04179147	0.43720943	0.0	0.52099913
2	0.51318914	0.4866085	0.0	0.00020236381
3	0.49799213	0.33795622	0.0	0.16405162
4	0.23234457	0.6449554	0.12269999	0.0
5	0.12234531	0.37566504	0.0	0.50198966
6	0.2174493	0.15302856	0.0	0.62952214
7	0.6767247	0.0	0.29704118	0.026234161
8	0.72130203	0.22739114	0.051306814	0.0

Filter 18
Pos	A	C	G	T
0	0.21095005	0.76575094	0.0	0.023298955
1	0.30238208	0.29008892	0.0	0.407529
2	0.0	0.6010736	0.22392924	0.17499723
3	0.0	0.22623254	0.7392112	0.03455626
4	0.0	0.304099	0.6330417	0.062859334
5	0.5753096	0.0	0.1049643	0.31972617
6	0.3274371	0.1880108	0.0	0.48455215
7	0.0	0.11876403	0.5444846	0.3367514
8	0.0	0.33309773	0.296481	0.3704213

Filter 19
Pos	A	C	G	T
0	0.42444393	0.049397357	0.0	0.52615875
1	0.5817653	0.32529274	0.0	0.09294197
2	0.5433864	0.32204276	0.13457079	0.0
3	0.0	0.02556469	0.49127546	0.4831599
4	0.57004756	0.19165796	0.23829448	0.0
5	0.0	0.16200182	0.52131003	0.31668818
6	0.0855751	0.0	0.08739484	0.82703006
7	0.5112805	0.0	0.012639847	0.4760797
8	0.6960452	0.18148425	0.12247046	0.0

Filter 20
Pos	A	C	G	T
0	0.0	0.62550706	0.15324391	0.22124895
1	0.41817516	0.0	0.061453186	0.5203716
2	0.0	0.2296964	0.38321233	0.3870913
3	0.61003006	0.26175305	0.1282169	0.0
4	0.27032027	0.25085738	0.47882235	0.0
5	0.06909983	0.0	0.7934448	0.13745533
6	0.0	0.1561352	0.6351725	0.20869236
7	0.08009008	0.6544574	0.2654525	0.0
8	0.0	0.27118096	0.26946712	0.45935193

Filter 21
Pos	A	C	G	T
0	0.7371503	0.11901444	0.0	0.14383519
1	0.5713742	0.0	0.36961132	0.059014484
2	0.0	0.35926718	0.151452	0.48928082
3	0.0	0.18643895	0.0059273387	0.8076337
4	0.08876245	0.56699944	0.34423807	0.0
5	0.0	0.16044797	0.039793946	0.7997581
6	0.0	0.27158776	0.53555363	0.19285864
7	0.3676565	0.33001518	0.30232835	0.0
8	0.0	0.4027322	0.16486213	0.43240565

Filter 22
Pos	A	C	G	T
0	0.16085671	0.0	0.77889603	0.06024724
1	0.35080793	0.0	0.4161174	0.23307472
2	0.18311833	0.0	0.087117605	0.729764
3	0.06885929	0.66918695	0.0	0.2619537
4	0.49173528	0.14254291	0.36572176	0.0
5	0.08953819	0.18057984	0.72988194	0.0
6	0.20689583	0.41643655	0.0	0.3766676
7	0.6335507	0.2005523	0.0	0.16589706
8	0.16892219	0.23070987	0.0	0.60036796

Filter 23
Pos	A	C	G	T
0	0.028400049	0.0	0.03679114	0.9348088
1	0.30010927	0.4150942	0.28479657	0.0
2	0.5988299	0.32665431	0.0	0.074515745
3	0.6186716	0.17434344	0.0	0.20698495
4	0.66325545	0.0	0.08965721	0.24708739
5	0.5375106	0.112355314	0.3501341	0.0
6	0.4531582	0.28966016	0.0	0.25718164
7	0.22350313	0.0	0.3947199	0.381777
8	0.4089976	0.3489643	0.24203815	0.0

Filter 24
Pos	A	C	G	T
0	0.109206155	0.30677816	0.58401567	0.0
1	0.44267717	0.33680877	0.22051416	0.0
2	0.5119439	0.086400166	0.4016559	0.0
3	0.5110281	0.029200027	0.45977187	0.0
4	0.36160985	0.0	0.17280422	0.46558595
5	0.3839264	0.09874826	0.51732534	0.0
6	0.46855304	0.07385772	0.45758924	0.0
7	0.15071468	0.0	0.25613165	0.59315366
8	0.0	0.055161987	0.43045303	0.514385

Filter 25
Pos	A	C	G	T
0	0.59354705	0.0	0.30832556	0.098127335
1	0.3386131	0.21918778	0.4421991	0.0
2	0.39445758	0.0	0.2246786	0.38086382
3	0.0	0.10036315	0.028169625	0.87146723
4	0.3695333	0.28342262	0.0	0.34704408
5	0.32761955	0.0	0.1676146	0.5047658
6	0.02028153	0.0	0.339929	0.63978946
7	0.26200518	0.42618066	0.0	0.3118142
8	0.05000698	0.0	0.06012548	0.88986754

Filter 26
Pos	A	C	G	T
0	0.24989145	0.07772223	0.67238635	0.0
1	0.48824593	0.0	0.35243723	0.15931687
2	0.46772248	0.12593302	0.0	0.40634447
3	0.1646325	0.36725986	0.0	0.4681077
4	0.0	0.32237563	0.043443035	0.6341813
5	0.0	0.20099558	0.12330965	0.6756947
6	0.34248152	0.46051267	0.0	0.19700578
7	0.37964252	0.48333892	0.0	0.1370186
8	0.0	0.40385127	0.26632872	0.32982

Filter 27
Pos	A	C	G	T
0	0.40623236	0.25159723	0.34217045	0.0
1	0.19851054	0.36352554	0.0	0.4379639
2	0.0048048436	0.18900056	0.8061946	0.0
3	0.0	0.40854487	0.07826193	0.5131932
4	0.0	0.3640555	0.2304583	0.40548617
5	0.0	0.36289644	0.37057158	0.26653203
6	0.4745625	0.3214382	0.20399933	0.0
7	0.38461843	0.36497077	0.2504108	0.0
8	0.3888864	0.3487656	0.26234803	0.0

Filter 28
Pos	A	C	G	T
0	0.4484789	0.0	0.021544158	0.52997684
1	0.5707096	0.27028435	0.0	0.15900604
2	0.839788	0.0957815	0.06443053	0.0
3	0.08422919	0.81392056	0.101850204	0.0
4	0.5046907	0.35920736	0.13610195	0.0
5	0.2514473	0.48309934	0.2654534	0.0
6	0.44771886	0.20761307	0.0	0.34466806
7	0.70623523	0.25127798	0.0	0.042486824
8	0.32493472	0.45100018	0.2240651	0.0

Filter 29
Pos	A	C	G	T
0	0.4546055	0.0	0.3063281	0.23906647
1	0.32070848	0.13119484	0.54809666	0.0
2	0.08595273	0.0	0.78558236	0.12846488
3	0.17398804	0.45949513	0.0	0.3665168
4	0.46590576	0.1396709	0.0	0.39442334
5	0.39678803	0.46428522	0.0	0.13892677
6	0.8635223	0.08736282	0.049114853	0.0
7	0.0	0.19354305	0.117586665	0.68887025
8	0.5792856	0.1756258	0.24508856	0.0

Filter 30
Pos	A	C	G	T
0	0.0	0.44676563	0.12644331	0.42679104
1	0.32958263	0.36181828	0.30859903	0.0
2	0.13677928	0.7147155	0.14850527	0.0
3	0.3046831	0.36317596	0.33214098	0.0
4	0.0	0.65342814	0.15791698	0.18865488
5	0.0	0.58052105	0.2226016	0.19687735
6	0.39491922	0.5229883	0.082092516	0.0
7	0.0	0.44827121	0.46785927	0.08386942
8	0.0	0.39694408	0.23640867	0.3666472

Filter 31
Pos	A	C	G	T
0	0.060237046	0.31096056	0.0	0.62880236
1	0.41777122	0.055117756	0.0	0.527111
2	0.3477741	0.15499683	0.4972291	0.0
3	0.4426514	0.1516917	0.40565687	0.0
4	0.5499337	0.0	0.33694905	0.11311725
5	0.4204829	0.3805499	0.19896717	0.0
6	0.491021	0.35907513	0.0	0.14990388
7	0.48863035	0.35077697	0.16059266	0.0
8	0.20580436	0.5638838	0.0	0.23031187

Filter 32
Pos	A	C	G	T
0	0.27027386	0.0	0.25951	0.47021616
1	0.168798	0.0	0.23082073	0.60038126
2	0.0	0.31909707	0.16213094	0.518772
3	0.0	0.44937646	0.2062222	0.34440136
4	0.18933012	0.43528542	0.3753845	0.0
5	0.15745762	0.28342226	0.5591201	0.0
6	0.06573185	0.6179517	0.0	0.31631655
7	0.37556836	0.39244926	0.0	0.2319824
8	0.0	0.59839326	0.3458768	0.055730008

Filter 33
Pos	A	C	G	T
0	0.30954883	0.0	0.5141504	0.1763008
1	0.25735578	0.3777543	0.0	0.36488995
2	0.26267576	0.3055257	0.43179858	0.0
3	0.37558803	0.39053822	0.23387377	0.0
4	0.39179978	0.26151693	0.34668332	0.0
5	0.058327816	0.0	0.68659985	0.25507233
6	0.0	0.3748447	0.30424824	0.32090703
7	0.023833534	0.12456719	0.0	0.8515993
8	0.0	0.3356817	0.11350189	0.5508164

Filter 34
Pos	A	C	G	T
0	0.36596242	0.0	0.24173875	0.39229882
1	0.6425928	0.1298239	0.0	0.22758336
2	0.34846422	0.06588087	0.0	0.5856549
3	0.25643566	0.0	0.28761822	0.4559461
4	0.21522939	0.0	0.20525086	0.57951975
5	0.0	0.015938837	0.2073468	0.7767144
6	0.14369716	0.34124216	0.0	0.51506066
7	0.13703313	0.28911293	0.0	0.5738539
8	0.40117696	0.27591753	0.0	0.32290557

Filter 35
Pos	A	C	G	T
0	0.12947452	0.3985553	0.0	0.47197017
1	0.0	0.17597388	0.62776303	0.19626307
2	0.5718879	0.21836759	0.20974447	0.0
3	0.16378859	0.40054184	0.4356696	0.0
4	0.17426854	0.0	0.55432135	0.27141014
5	0.0	0.04720076	0.1626391	0.7901601
6	0.4510886	0.0	0.29468477	0.25422657
7	0.7319819	0.07895323	0.18906492	0.0
8	0.0	0.4605392	0.19902875	0.34043208

Filter 36
Pos	A	C	G	T
0	0.3926337	0.0	0.4906879	0.11667834
1	0.0	0.11551302	0.25429425	0.6301927
2	0.13603607	0.681726	0.18223792	0.0
3	0.4508332	0.17180473	0.37736204	0.0
4	0.52386034	0.015314574	0.46082512	0.0
5	0.53059596	0.048461635	0.0	0.42094243
6	0.61814815	0.0	0.18847188	0.19337998
7	0.025769837	0.9471058	0.027124288	0.0
8	0.21329126	0.19912946	0.0	0.5875793

Filter 37
Pos	A	C	G	T
0	0.3497362	0.2669978	0.3832659	0.0
1	0.0	0.28593162	0.19116162	0.5229068
2	0.0	0.13781135	0.42130467	0.44088396
3	0.60628545	0.071988136	0.3217264	0.0
4	0.31117547	0.0	0.16515048	0.5236741
5	0.8613485	0.0	0.070807986	0.06784352
6	0.0014827006	0.5056317	0.0	0.4928856
7	0.74900055	0.0	0.01122586	0.23977362
8	0.51319057	0.2618097	0.22499977	0.0

Filter 38
Pos	A	C	G	T
0	0.4401841	0.15841158	0.40140432	0.0
1	0.3331573	0.20622472	0.46061802	0.0
2	0.0	0.2764207	0.22714208	0.4964372
3	0.40628523	0.16430569	0.0	0.42940912
4	0.42101103	0.4883805	0.09060846	0.0
5	0.31839752	0.33213133	0.0	0.3494711
6	0.43949646	0.33962208	0.0	0.2208814
7	0.49635038	0.050856233	0.4527934	0.0
8	0.3175421	0.3590824	0.3233755	0.0

Filter 39
Pos	A	C	G	T
0	0.0021473663	0.40120628	0.0	0.5966463
1	0.17519453	0.0	0.09580958	0.72899586
2	0.16577843	0.5446566	0.0	0.28956497
3	0.36713773	0.33265257	0.0	0.30020967
4	0.4294553	0.29138824	0.0	0.27915645
5	0.12876745	0.0	0.3346621	0.5365705
6	0.21446185	0.5389648	0.0	0.24657328
7	0.5170471	0.2412847	0.24166812	0.0
8	0.23472333	0.3226717	0.0	0.442605

Filter 40
Pos	A	C	G	T
0	0.0	0.47369328	0.0034477352	0.52285904
1	0.07041446	0.87847996	0.0	0.051105663
2	0.21581757	0.71886474	0.06531765	0.0
3	0.26550364	0.38655716	0.34793916	0.0
4	0.5188875	0.33301103	0.14810145	0.0
5	0.3688656	0.10722171	0.5239127	0.0
6	0.50868523	0.17989215	0.31142265	0.0
7	0.11364022	0.32235608	0.56400365	0.0
8	0.0	0.14276455	0.60817873	0.24905674

Filter 41
Pos	A	C	G	T
0	0.0030216612	0.0	0.14232194	0.85465634
1	0.0	0.40506172	0.18676084	0.40817747
2	0.40698552	0.14864036	0.44437408	0.0
3	0.0	0.5898381	0.30307287	0.107089035
4	0.3265424	0.0	0.31573695	0.35772064
5	0.17447877	0.21187633	0.61364496	0.0
6	0.42036843	0.20428444	0.37534714	0.0
7	0.0	0.13286059	0.40738955	0.45974982
8	0.0	0.2477953	0.48762274	0.26458204

Filter 42
Pos	A	C	G	T
0	0.4082083	0.0	0.09163938	0.50015235
1	0.0	0.4969535	0.30265716	0.20038936
2	0.3177016	0.07555472	0.60674363	0.0
3	0.0	0.28799617	0.30947465	0.40252915
4	0.0	0.39959568	0.5616674	0.03873697
5	0.1538642	0.0	0.7125282	0.13360752
6	0.43979025	0.0	0.30056426	0.25964552
7	0.43239656	0.0	0.4781941	0.08940934
8	0.2896187	0.49181816	0.0	0.21856315

Filter 43
Pos	A	C	G	T
0	0.5147326	0.34364805	0.0	0.14161932
1	0.58621526	0.12453796	0.0	0.28924683
2	0.564025	0.35441574	0.081559256	0.0
3	0.0	0.45042124	0.41800988	0.13156883
4	0.0	0.3178651	0.3219868	0.36014816
5	0.0	0.5499269	0.29020533	0.15986775
6	0.1707812	0.08541271	0.0	0.7438061
7	0.0	0.7160897	0.07845536	0.20545492
8	0.0	0.298103	0.35067996	0.35121703

Filter 44
Pos	A	C	G	T
0	0.0	0.09415203	0.46524462	0.4406034
1	0.25683543	0.0	0.6448294	0.09833519
2	0.16583563	0.0	0.48818767	0.34597665
3	0.20504667	0.0	0.5081591	0.28679428
4	0.15928452	0.0	0.44899574	0.3917197
5	0.0	0.0296824	0.42411846	0.54619914
6	0.0	0.020762606	0.63872653	0.34051085
7	0.41493943	0.0	0.4230276	0.16203299
8	0.18790126	0.026511727	0.7855871	0.0

Filter 45
Pos	A	C	G	T
0	0.08394822	0.71309286	0.0	0.20295891
1	0.0	0.2507666	0.5065759	0.24265751
2	0.13423082	0.0	0.36858493	0.49718422
3	0.0	0.34877998	0.6090423	0.04217776
4	0.0	0.2416718	0.67531025	0.083018
5	0.34451374	0.45658407	0.0	0.19890216
6	0.08966504	0.0	0.62715095	0.28318405
7	0.0	0.2660822	0.3433288	0.39058903
8	0.0	0.1808796	0.3961432	0.42297715

Filter 46
Pos	A	C	G	T
0	0.61370414	0.0	0.2413087	0.14498721
1	0.23482867	0.37432352	0.39084783	0.0
2	0.550809	0.26441753	0.0	0.18477342
3	0.6385691	0.0	0.2595039	0.101926975
4	0.40259123	0.46969044	0.0	0.12771834
5	0.46819308	0.25525633	0.0	0.2765506
6	0.20985597	0.0	0.011043909	0.7791001
7	0.5416675	0.33575472	0.0	0.122577764
8	0.5179592	0.0	0.16913007	0.3129107

Filter 47
Pos	A	C	G	T
0	0.6156014	0.0	0.14716755	0.23723106
1	0.0	0.5384052	0.17612557	0.2854693
2	0.89314705	0.09899742	0.0	0.007855495
3	0.0	0.43871775	0.4498453	0.11143693
4	0.0	0.25506344	0.53098536	0.21395122
5	0.56834084	0.33498946	0.0	0.09666971
6	0.0	0.62335414	0.082813405	0.2938325
7	0.0	0.017423863	0.6449186	0.33765754
8	0.37176087	0.0	0.45922452	0.16901465

Filter 48
Pos	A	C	G	T
0	0.47423163	0.0	0.38396415	0.14180423
1	0.36884856	0.0	0.07409523	0.5570562
2	0.46188816	0.077589415	0.0	0.46052247
3	0.16598578	0.54541016	0.288604	0.0
4	0.0	0.63345724	0.14252295	0.22401981
5	0.5849579	0.0	0.20995234	0.2050897
6	0.5849013	0.0	0.18777779	0.22732095
7	0.040085133	0.15107411	0.0	0.80884075
8	0.28267318	0.0	0.6065268	0.110800035

Filter 49
Pos	A	C	G	T
0	0.30851462	0.3392392	0.35224617	0.0
1	0.31106442	0.0	0.39260554	0.29633006
2	0.0	0.122758925	0.6687797	0.20846143
3	0.0	0.41687563	0.35737786	0.22574648
4	0.0	0.77304703	0.17628637	0.05066666
5	0.3562865	0.33811554	0.0	0.30559793
6	0.0	0.41543818	0.31412435	0.27043748
7	0.3186795	0.27892292	0.0	0.40239757
8	0.15851809	0.07138721	0.0	0.77009475

Filter 50
Pos	A	C	G	T
0	0.35093683	0.44767633	0.20138687	0.0
1	0.23389958	0.58744085	0.0	0.17865951
2	0.2897579	0.34155655	0.36868548	0.0
3	0.080783926	0.54298806	0.0	0.376228
4	0.44884363	0.3765111	0.0	0.17464529
5	0.5815205	0.26568428	0.15279527	0.0
6	0.5101537	0.24394937	0.24589689	0.0
7	0.34365574	0.0	0.22211935	0.43422493
8	0.31082004	0.31539685	0.0	0.37378308

Filter 51
Pos	A	C	G	T
0	0.037017938	0.6592898	0.30369222	0.0
1	0.2708203	0.27407095	0.0	0.45510873
2	0.0	0.34372854	0.46469694	0.19157453
3	0.073154375	0.49301422	0.43383133	0.0
4	0.20707597	0.3824356	0.4104884	0.0
5	0.15205428	0.0	0.6553671	0.1925787
6	0.0	0.2856587	0.4595806	0.25476074
7	0.0	0.5358992	0.13130632	0.33279446
8	0.0	0.37959173	0.24333914	0.3770691

Filter 52
Pos	A	C	G	T
0	0.5133895	0.0	0.30341327	0.18319722
1	0.18385977	0.0	0.632305	0.18383522
2	0.59543633	0.0	0.2783144	0.12624925
3	0.057292074	0.0	0.537553	0.40515494
4	0.2375185	0.0	0.66378343	0.0986981
5	0.19705625	0.0	0.09273494	0.71020883
6	0.065584406	0.43947014	0.0	0.4949454
7	0.0	0.41091904	0.4225094	0.16657154
8	0.0	0.31345817	0.12312792	0.5634139

Filter 53
Pos	A	C	G	T
0	0.30487025	0.0	0.3450145	0.35011527
1	0.07211407	0.40911108	0.0	0.5187748
2	0.05925883	0.4321802	0.0	0.508561
3	0.3616573	0.31822848	0.0	0.3201142
4	0.2511787	0.38668364	0.0	0.36213768
5	0.0	0.20109671	0.2482567	0.55064654
6	0.12677422	0.5838059	0.0	0.28941986
7	0.39863092	0.5059823	0.09538679	0.0
8	0.2437388	0.35845113	0.0	0.39781004

Filter 54
Pos	A	C	G	T
0	0.060651567	0.0	0.42403442	0.51531404
1	0.20829101	0.32734936	0.46435964	0.0
2	0.057427038	0.3253964	0.6171766	0.0
3	0.4649926	0.34446892	0.19053851	0.0
4	0.24493217	0.55005974	0.20500815	0.0
5	0.53311723	0.008950201	0.0	0.45793262
6	0.7145476	0.0	0.23977484	0.04567758
7	0.5889136	0.0	0.30433774	0.106748655
8	0.0	0.14262696	0.5407896	0.3165834

Filter 55
Pos	A	C	G	T
0	0.0	0.18875459	0.49884358	0.31240183
1	0.0	0.019597167	0.77190924	0.20849358
2	0.22528853	0.0	0.6019509	0.17276064
3	0.38765103	0.0	0.40138394	0.21096504
4	0.23428445	0.0	0.09981633	0.6658993
5	0.3266005	0.13354887	0.53985065	0.0
6	0.3883925	0.1147727	0.49683478	0.0
7	0.29811463	0.37191504	0.32997033	0.0
8	0.50096923	0.0	0.4070044	0.09202646

Filter 56
Pos	A	C	G	T
0	0.3627156	0.0	0.46566334	0.17162102
1	0.21346885	0.0	0.3059869	0.48054424
2	0.34642994	0.0	0.39808327	0.2554868
3	0.0	0.22997066	0.4245246	0.3455047
4	0.0	0.32612473	0.4460885	0.22778682
5	0.0	0.032392178	0.8371034	0.13050437
6	0.54561013	0.27538127	0.17900859	0.0
7	0.31798816	0.60841334	0.0	0.07359848
8	0.4240207	0.19284438	0.0	0.38313496

Filter 57
Pos	A	C	G	T
0	0.08610505	0.0	0.59390473	0.31999022
1	0.0	0.45666188	0.34191447	0.20142366
2	0.36858183	0.0	0.08275191	0.5486663
3	0.0	0.37810037	0.46831664	0.15358298
4	0.30854195	0.22567122	0.4657868	0.0
5	0.36391982	0.24753003	0.0	0.38855013
6	0.0	0.15001	0.27740648	0.5725835
7	0.0	0.2505803	0.43084118	0.3185785
8	0.13590373	0.43722847	0.42686787	0.0

Filter 58
Pos	A	C	G	T
0	0.031038102	0.7981387	0.0	0.17082323
1	0.3613397	0.0	0.048697542	0.5899627
2	0.39162442	0.24607635	0.36229926	0.0
3	0.20841561	0.27892157	0.5126629	0.0
4	0.25983378	0.0	0.39852425	0.3416419
5	0.0	0.22137962	0.54923433	0.22938599
6	0.0	0.30556452	0.30658752	0.38784793
7	0.0	0.92495024	0.06816767	0.0068820687
8	0.0	0.024974879	0.6600824	0.3149427

Filter 59
Pos	A	C	G	T
0	0.5863977	0.3907919	0.022810472	0.0
1	0.47097716	0.2904439	0.23857895	0.0
2	0.0	0.18438664	0.63378817	0.18182519
3	0.5330278	0.0	0.026628055	0.44034413
4	0.0	0.33887833	0.55215055	0.10897109
5	0.6606868	0.16913614	0.1701771	0.0
6	0.0	0.38386643	0.21736196	0.39877164
7	0.32136706	0.44281644	0.23581652	0.0
8	0.09348977	0.57533133	0.33117884	0.0

Filter 60
Pos	A	C	G	T
0	0.39289474	0.21802773	0.0	0.38907745
1	0.0	0.33173645	0.26298153	0.405282
2	0.28735542	0.25696442	0.0	0.45568016
3	0.0	0.20673968	0.43698946	0.3562709
4	0.6092955	0.0	0.1939511	0.19675344
5	0.5490399	0.0	0.11435264	0.33660752
6	0.15561798	0.0	0.26201499	0.582367
7	0.0	0.02416098	0.38181505	0.594024
8	0.0	0.28327978	0.22637178	0.4903484

Filter 61
Pos	A	C	G	T
0	0.50027466	0.0	0.19686565	0.30285972
1	0.43546852	0.0	0.2647333	0.2997982
2	0.0	0.42918065	0.17612478	0.39469454
3	0.5550291	0.2531432	0.19182773	0.0
4	0.19956625	0.0	0.25225103	0.5481827
5	0.23562522	0.0	0.3382484	0.4261264
6	0.0	0.21372731	0.030424906	0.75584775
7	0.64827996	0.30500072	0.046719328	0.0
8	0.66231686	0.0	0.21556589	0.12211723

Filter 62
Pos	A	C	G	T
0	0.0	0.61816406	0.26538292	0.11645303
1	0.0	0.20774028	0.061500717	0.730759
2	0.0	0.08553213	0.46366915	0.45079878
3	0.0	0.042596493	0.6538611	0.3035425
4	0.483535	0.0	0.27116242	0.24530265
5	0.37872985	0.36941302	0.25185713	0.0
6	0.0	0.4613214	0.27488807	0.26379058
7	0.45554164	0.3732881	0.0	0.17117023
8	0.6795438	0.21636644	0.0	0.10408983

Filter 63
Pos	A	C	G	T
0	0.5611428	0.0078733675	0.43098384	0.0
1	0.29858923	0.427345	0.0	0.2740657
2	0.0	0.23354088	0.6525997	0.11385945
3	0.0	0.19965443	0.27271542	0.52763015
4	0.664492	0.0	0.03955054	0.29595748
5	0.0	0.046711564	0.35766932	0.59561914
6	0.0	0.52437824	0.08045091	0.39517087
7	0.19278222	0.48700786	0.0	0.32020992
8	0.0	0.25346634	0.34681183	0.39972183

Filter 64
Pos	A	C	G	T
0	0.0	0.6190259	0.16297	0.21800411
1	0.56492966	0.18595313	0.2491172	0.0
2	0.12672266	0.0	0.6533077	0.21996962
3	0.46900392	0.09549093	0.43550512	0.0
4	0.83790016	0.12216066	0.0	0.03993917
5	0.3383553	0.31537467	0.0	0.34627005
6	0.46767753	0.19029243	0.0	0.34203008
7	0.640147	0.0021444496	0.0	0.3577086
8	0.0	0.55722857	0.24638051	0.196391

Filter 65
Pos	A	C	G	T
0	0.54734015	0.06510882	0.0	0.38755095
1	0.0	0.095397264	0.021143053	0.8834597
2	0.56867963	0.30318657	0.12813374	0.0
3	0.5165398	0.22295101	0.2605091	0.0
4	0.3406836	0.34939757	0.3099188	0.0
5	0.0	0.7117333	0.2804597	0.007807006
6	0.2514048	0.18348767	0.5651076	0.0
7	0.48103708	0.0	0.43226928	0.08669363
8	0.0	0.2510554	0.28066	0.46828467

Filter 66
Pos	A	C	G	T
0	0.2293444	0.0	0.4385142	0.3321414
1	0.34221807	0.0	0.11582598	0.5419559
2	0.36878258	0.0	0.2549814	0.37623596
3	0.03376804	0.0	0.74376255	0.22246937
4	0.301062	0.0	0.33262423	0.36631376
5	0.30155623	0.0	0.5195476	0.17889619
6	0.0	0.069777586	0.7834671	0.14675537
7	0.5675147	0.2089476	0.0	0.22353774
8	0.24009015	0.0	0.35146785	0.408442

Filter 67
Pos	A	C	G	T
0	0.51464945	0.0	0.13302903	0.3523216
1	0.37390596	0.56169164	0.06440246	0.0
2	0.56430405	0.31479967	0.120896265	0.0
3	0.5670751	0.0012292495	0.43169567	0.0
4	0.0	0.49254093	0.50673354	0.0007255317
5	0.017220592	0.30453008	0.67824936	0.0
6	0.34781983	0.16905017	0.48313	0.0
7	0.05393234	0.24663483	0.0	0.69943285
8	0.714953	0.23326568	0.0	0.051781353

Filter 68
Pos	A	C	G	T
0	0.63228434	0.0	0.30534557	0.062370084
1	0.2518144	0.016881488	0.7313041	0.0
2	0.39651737	0.26498666	0.33849594	0.0
3	0.43144348	0.0	0.088980496	0.47957605
4	0.431018	0.0	0.33970994	0.22927207
5	0.45439798	0.0	0.46408162	0.08152044
6	0.14018011	0.11729567	0.0	0.74252427
7	0.16737801	0.26159358	0.0	0.5710284
8	0.19660605	0.45790997	0.0	0.34548396

Filter 69
Pos	A	C	G	T
0	0.5639561	0.23861942	0.0	0.19742456
1	0.068094864	0.6232374	0.3086678	0.0
2	0.50164884	0.060343567	0.0	0.4380076
3	0.0	0.2779201	0.40158668	0.3204932
4	0.0	0.12459775	0.27036464	0.6050376
5	0.0	0.5043727	0.40416083	0.09146646
6	0.0	0.11048775	0.22788896	0.6616233
7	0.0	0.25597212	0.36616173	0.37786615
8	0.33468896	0.16123454	0.5040765	0.0

Filter 70
Pos	A	C	G	T
0	0.70537925	0.0822605	0.21236022	0.0
1	0.759583	0.013490681	0.0	0.22692637
2	0.0	0.1818617	0.79431736	0.02382092
3	0.74297744	0.0	0.070858076	0.18616445
4	0.40736863	0.20088397	0.0	0.39174742
5	0.52644	0.21999724	0.0	0.25356275
6	0.06506206	0.019896673	0.0	0.91504127
7	0.008836838	0.0	0.52329576	0.46786737
8	0.6326101	0.0	0.28980535	0.07758459

Filter 71
Pos	A	C	G	T
0	0.4723462	0.34185722	0.0	0.18579657
1	0.78629273	0.009133888	0.20457338	0.0
2	0.2612095	0.0	0.5080919	0.23069859
3	0.4492962	0.0	0.29002962	0.2606742
4	0.5238633	0.23753707	0.2385996	0.0
5	0.46168786	0.0	0.097325645	0.44098657
6	0.19385777	0.0	0.5881975	0.21794467
7	0.0	0.1491205	0.49331436	0.3575652
8	0.51129735	0.25735894	0.23134373	0.0

Filter 72
Pos	A	C	G	T
0	0.29470173	0.0	0.3992381	0.3060602
1	0.35719377	0.0	0.4818541	0.16095206
2	0.06845201	0.0	0.73936385	0.19218409
3	0.11480588	0.061550036	0.82364416	0.0
4	0.8396463	0.0	0.028461987	0.13189173
5	0.5807276	0.2468363	0.0	0.17243612
6	0.57207453	0.16038434	0.0	0.26754108
7	0.24394	0.19092955	0.0	0.5651305
8	0.5842916	0.11826535	0.29744306	0.0

Filter 73
Pos	A	C	G	T
0	0.50016826	0.14413792	0.35569385	0.0
1	0.025285004	0.46541235	0.0	0.5093027
2	0.021126855	0.7766921	0.0	0.20218106
3	0.23903154	0.5508571	0.0	0.21011133
4	0.06049591	0.2907742	0.0	0.64872986
5	0.17366295	0.31275707	0.5135799	0.0
6	0.0	0.5049516	0.35489225	0.14015615
7	0.48750028	0.22389767	0.28860205	0.0
8	0.0	0.21288608	0.10783731	0.6792766

Filter 74
Pos	A	C	G	T
0	0.37805125	0.0	0.048828386	0.57312036
1	0.08992742	0.22216822	0.0	0.68790436
2	0.0	0.78784704	0.0986613	0.113491654
3	0.0	0.2463119	0.3725696	0.38111848
4	0.22622198	0.10360672	0.0	0.6701713
5	0.27131885	0.28814784	0.44053337	0.0
6	0.71544003	0.22323087	0.0	0.06132909
7	0.22277617	0.0	0.37417862	0.4030452
8	0.0	0.14543505	0.7436773	0.11088758

Filter 75
Pos	A	C	G	T
0	0.787486	0.0	0.0663231	0.14619087
1	0.0	0.030069366	0.4290616	0.54086906
2	0.17947319	0.5186632	0.0	0.30186358
3	0.0	0.44467363	0.35271838	0.20260793
4	0.0	0.5170643	0.31009677	0.172839
5	0.60155964	0.17187701	0.0	0.22656325
6	0.37119332	0.3852482	0.0	0.24355847
7	0.22254431	0.58079493	0.19666077	0.0
8	0.0	0.38452804	0.23053062	0.3849414

Filter 76
Pos	A	C	G	T
0	0.0	0.26143616	0.42857414	0.30998972
1	0.34533074	0.27402547	0.38064373	0.0
2	0.15516461	0.0	0.29715416	0.5476812
3	0.0	0.4636195	0.351616	0.1847645
4	0.53401494	0.08073216	0.38525286	0.0
5	0.5295424	0.25152546	0.0	0.21893221
6	0.8182581	0.17889437	0.0028474845	0.0
7	0.645766	0.32258886	0.031645052	0.0
8	0.41384557	0.23594277	0.0	0.3502117

Filter 77
Pos	A	C	G	T
0	0.18653035	0.42102382	0.0	0.3924458
1	0.0	0.3501102	0.19649355	0.45339623
2	0.54005116	0.34822097	0.11172783	0.0
3	0.36892995	0.07395369	0.5571163	0.0
4	0.0	0.14462289	0.5982576	0.25711948
5	0.0	0.64656436	0.22569726	0.12773836
6	0.21195893	0.44861305	0.33942807	0.0
7	0.44160196	0.0	0.2724832	0.28591484
8	0.33411002	0.20644473	0.0	0.45944527

Filter 78
Pos	A	C	G	T
0	0.29793537	0.30130437	0.0	0.4007603
1	0.345295	0.0	0.17211927	0.4825857
2	0.38031206	0.0	0.41910848	0.20057945
3	0.55975014	0.113278635	0.0	0.32697117
4	0.3609077	0.08995702	0.0	0.54913527
5	0.0	0.13407241	0.44603375	0.41989386
6	0.3597244	0.0	0.41147336	0.22880226
7	0.4608482	0.053613145	0.48553863	0.0
8	0.35461086	0.26881313	0.0	0.37657607

Filter 79
Pos	A	C	G	T
0	0.08084304	0.0	0.52319664	0.39596033
1	0.4632963	0.5323762	0.0043274765	0.0
2	0.5486051	0.0	0.054520056	0.39687476
3	0.30404314	0.2165498	0.4794071	0.0
4	0.0	0.52845275	0.101145595	0.37040165
5	0.0	0.52523905	0.39763805	0.07712285
6	0.0	0.30131263	0.63711876	0.061568603
7	0.35962266	0.2531256	0.38725176	0.0
8	0.23954196	0.035667844	0.72479016	0.0

Filter 80
Pos	A	C	G	T
0	0.40340433	0.0	0.25031462	0.34628108
1	0.0	0.07411329	0.10808178	0.81780493
2	0.0	0.22233611	0.54835325	0.22931066
3	0.19974583	0.05586181	0.0	0.7443924
4	0.5494723	0.04041943	0.0	0.41010833
5	0.5780812	0.029940989	0.39197785	0.0
6	0.40192628	0.0	0.0695728	0.52850085
7	0.0	0.32386556	0.3623616	0.31377283
8	0.0	0.41596487	0.3385998	0.24543533

Filter 81
Pos	A	C	G	T
0	0.44300666	0.24927543	0.30771786	0.0
1	0.3822624	0.17298296	0.4447546	0.0
2	0.0	0.15678939	0.11313071	0.7300799
3	0.0	0.38371897	0.09441779	0.5218632
4	0.28211126	0.3715571	0.0	0.3463317
5	0.3466599	0.30617103	0.0	0.34716907
6	0.5823841	0.2526502	0.16496573	0.0
7	0.0	0.3143901	0.46785897	0.21775092
8	0.6692211	0.28431237	0.0	0.046466567

Filter 82
Pos	A	C	G	T
0	0.0012684151	0.6226821	0.0	0.37604955
1	0.49128363	0.28403455	0.22468178	0.0
2	0.50715923	0.34401125	0.0	0.14882952
3	0.41518143	0.4529671	0.0	0.13185148
4	0.0	0.6729834	0.0027998528	0.32421678
5	0.0	0.4299847	0.40182096	0.16819435
6	0.35931203	0.0	0.2440023	0.39668575
7	0.5840721	0.0	0.3603924	0.055535544
8	0.5709329	0.122667015	0.30640012	0.0

Filter 83
Pos	A	C	G	T
0	0.2505799	0.24220666	0.0	0.5072135
1	0.09395283	0.49340424	0.41264293	0.0
2	0.15097906	0.042796563	0.0	0.8062244
3	0.0	0.501842	0.030615536	0.46754244
4	0.0	0.2862328	0.08368564	0.6300816
5	0.25507185	0.44431135	0.0	0.3006168
6	0.17259933	0.2792403	0.0	0.5481604
7	0.0	0.094157785	0.5382728	0.36756945
8	0.0	0.33129287	0.36633533	0.30237177

Filter 84
Pos	A	C	G	T
0	0.6390566	0.0	0.114998475	0.24594492
1	0.0	0.48137945	0.21168613	0.3069344
2	0.77770907	0.0	0.02042337	0.20186763
3	0.0	0.511381	0.3150006	0.17361845
4	0.18684255	0.29220578	0.5209516	0.0
5	0.07419062	0.36930627	0.0	0.5565031
6	0.21008688	0.43233863	0.0	0.35757443
7	0.70917165	0.16349591	0.0	0.12733243
8	0.26164877	0.30412692	0.0	0.43422425

Filter 85
Pos	A	C	G	T
0	0.32145447	0.0071131834	0.6714323	0.0
1	0.3770049	0.16304147	0.45995367	0.0
2	0.35831356	0.05227829	0.0	0.58940816
3	0.15332063	0.16717322	0.0	0.6795061
4	0.73778677	0.230266	0.0	0.03194723
5	0.52683777	0.1189886	0.0	0.35417366
6	0.10922924	0.031239094	0.0	0.8595317
7	0.0	0.045505136	0.43969798	0.51479685
8	0.42663288	0.5387695	0.034597635	0.0

Filter 86
Pos	A	C	G	T
0	0.5153774	0.22045049	0.26417217	0.0
1	0.62420714	0.060388055	0.31540477	0.0
2	0.2311593	0.29067588	0.47816482	0.0
3	0.21275991	0.0	0.20407814	0.5831619
4	0.105181605	0.3783003	0.0	0.51651806
5	0.28836006	0.34372014	0.0	0.36791983
6	0.20283557	0.3286789	0.0	0.4684855
7	0.16924492	0.15098675	0.0	0.6797684
8	0.0	0.2915574	0.32027182	0.38817078

Filter 87
Pos	A	C	G	T
0	0.0	0.3413891	0.27227923	0.38633168
1	0.0	0.6951186	0.06964376	0.23523757
2	0.3655674	0.3887334	0.0	0.24569927
3	0.0	0.6040645	0.08581851	0.31011704
4	0.13334389	0.48200506	0.0	0.38465106
5	0.39241496	0.5926972	0.014887812	0.0
6	0.21713297	0.7240818	0.0	0.05878524
7	0.1584712	0.71432996	0.12719886	0.0
8	0.4542598	0.21064419	0.0	0.335096

Filter 88
Pos	A	C	G	T
0	0.5032402	0.47508967	0.0	0.021670135
1	0.18732078	0.47447568	0.0	0.33820352
2	0.4966431	0.14140093	0.0	0.36195594
3	0.08616882	0.5316904	0.38214076	0.0
4	0.42303395	0.23871188	0.0	0.33825412
5	0.0	0.09993022	0.39140272	0.50866705
6	0.0	0.21525627	0.5060794	0.27866435
7	0.2687031	0.0	0.390619	0.34067795
8	0.33088526	0.21834534	0.45076942	0.0

Filter 89
Pos	A	C	G	T
0	0.17799725	0.58265746	0.0	0.23934536
1	0.36350828	0.27696848	0.0	0.35952324
2	0.19324793	0.0	0.10650809	0.700244
3	0.0	0.13382246	0.2834356	0.5827419
4	0.7143963	0.0	0.124983564	0.16062011
5	0.6141656	0.19085237	0.19498202	0.0
6	0.46622413	0.0746727	0.4591032	0.0
7	0.0	0.36400843	0.581679	0.054312576
8	0.375199	0.21518363	0.40961742	0.0

Filter 90
Pos	A	C	G	T
0	0.21119492	0.46504435	0.32376075	0.0
1	0.34285846	0.5351594	0.12198217	0.0
2	0.010436129	0.6104857	0.0	0.3790782
3	0.08689343	0.3061715	0.606935	0.0
4	0.0	0.1329924	0.71674114	0.15026645
5	0.0	0.3217617	0.4171502	0.26108813
6	0.0	0.72519684	0.070960306	0.2038428
7	0.660847	0.0	0.1386696	0.20048338
8	0.3585309	0.2956421	0.345827	0.0

Filter 91
Pos	A	C	G	T
0	0.36215776	0.23085317	0.0	0.40698907
1	0.4249304	0.0	0.0005999092	0.57446975
2	0.8806429	0.057956096	0.0	0.061401
3	0.029440789	0.5182004	0.0	0.45235875
4	0.0	0.4099442	0.0060639605	0.5839919
5	0.0	0.2867834	0.09114336	0.6220733
6	0.065871306	0.0	0.4479018	0.48622686
7	0.08123548	0.0	0.3786435	0.54012096
8	0.24567597	0.0	0.14431417	0.61000985

Filter 92
Pos	A	C	G	T
0	0.0	0.005696519	0.45399666	0.54030675
1	0.77633387	0.15979278	0.0	0.06387338
2	0.0	0.43762684	0.17597486	0.38639826
3	0.0117090065	0.8382357	0.0	0.15005538
4	0.065409094	0.38293436	0.0	0.5516566
5	0.0	0.16494565	0.1629246	0.67212975
6	0.8167729	0.063949056	0.11927807	0.0
7	0.7457788	0.0	0.22299774	0.031223407
8	0.0	0.41632092	0.33926976	0.24440932

Filter 93
Pos	A	C	G	T
0	0.0	0.42837754	0.4746664	0.096956074
1	0.0	0.2417099	0.54352075	0.21476935
2	0.020809432	0.0	0.7906555	0.18853515
3	0.84516025	0.006448321	0.0	0.14839143
4	0.48964477	0.22610547	0.0	0.28424972
5	0.0	0.59951407	0.38677198	0.013714027
6	0.0	0.19188756	0.27346635	0.5346461
7	0.3379092	0.0	0.04216576	0.619925
8	0.28416672	0.21820188	0.4976314	0.0

Filter 94
Pos	A	C	G	T
0	0.39213434	0.4607277	0.0	0.14713798
1	0.0	0.5011776	0.45037597	0.04844641
2	0.0	0.05947611	0.5291428	0.41138107
3	0.0	0.1936619	0.25254172	0.5537963
4	0.65879583	0.08835727	0.0	0.25284684
5	0.0	0.16583729	0.60054517	0.23361753
6	0.41601512	0.45898977	0.12499513	0.0
7	0.16337176	0.25953534	0.57709295	0.0
8	0.30132818	0.6677385	0.030933319	0.0

Filter 95
Pos	A	C	G	T
0	0.0	0.29942307	0.5525505	0.14802645
1	0.15876304	0.55897665	0.28226036	0.0
2	0.59404147	0.23956804	0.16639048	0.0
3	0.2416696	0.12701458	0.0	0.6313158
4	0.0	0.53345853	0.29972234	0.16681919
5	0.0	0.4202209	0.10931995	0.4704591
6	0.07403288	0.4532948	0.0	0.47267237
7	0.4162064	0.38960746	0.19418617	0.0
8	0.009663749	0.0	0.2790619	0.7112743

Filter 96
Pos	A	C	G	T
0	0.27346942	0.2335141	0.0	0.49301645
1	0.5401599	0.24865237	0.0	0.21118778
2	0.0	0.19776797	0.08310519	0.7191268
3	0.0	0.22940917	0.30892432	0.46166655
4	0.0	0.1628946	0.5648073	0.27229813
5	0.0	0.39953533	0.43575698	0.16470772
6	0.17535165	0.35959572	0.46505263	0.0
7	0.5079258	0.12309773	0.36897647	0.0
8	0.001672645	0.78090686	0.21742053	0.0

Filter 97
Pos	A	C	G	T
0	0.44016844	0.41431978	0.1455117	0.0
1	0.56644297	0.0	0.10841639	0.32514066
2	0.012254462	0.0	0.912631	0.07511453
3	0.21117838	0.52137184	0.0	0.2674498
4	0.0	0.32180756	0.09413238	0.5840601
5	0.0	0.36106762	0.16810203	0.4708304
6	0.2132835	0.5657344	0.22098207	0.0
7	0.0	0.45179072	0.4371072	0.11110209
8	0.135726	0.25539893	0.60887504	0.0

Filter 98
Pos	A	C	G	T
0	0.12946104	0.39090937	0.47962964	0.0
1	0.0	0.4443556	0.3683267	0.18731773
2	0.0	0.18478644	0.80611134	0.009102227
3	0.0	0.41857117	0.22377384	0.357655
4	0.3693343	0.28600445	0.0	0.34466124
5	0.35950592	0.19127727	0.44921678	0.0
6	0.0	0.6625309	0.2986702	0.038798988
7	0.5978133	0.37685567	0.025330903	0.0
8	0.47094753	0.38012454	0.14892796	0.0

Filter 99
Pos	A	C	G	T
0	0.32153514	0.0	0.014910692	0.6635542
1	0.22375406	0.0	0.6424015	0.13384438
2	0.29727927	0.0	0.5640636	0.1386571
3	0.0	0.14985968	0.3768573	0.47328302
4	0.10061952	0.49570882	0.4036716	0.0
5	0.1985659	0.7092829	0.09215119	0.0
6	0.0	0.30626252	0.4458651	0.2478724
7	0.3774683	0.21430245	0.40822923	0.0
8	0.0	0.28551486	0.20927997	0.50520515

Filter 100
Pos	A	C	G	T
0	0.026409626	0.18589087	0.0	0.7876995
1	0.02277898	0.3216566	0.0	0.6555644
2	0.3919928	0.4417402	0.0	0.16626693
3	0.17148651	0.48896095	0.0	0.33955258
4	0.078961685	0.15522543	0.0	0.7658129
5	0.26296175	0.3574538	0.0	0.37958446
6	0.75921583	0.11432008	0.12646408	0.0
7	0.13574268	0.50181323	0.0	0.3624441
8	0.42990494	0.0	0.20093885	0.3691562

Filter 101
Pos	A	C	G	T
0	0.17104568	0.0	0.56005484	0.26889953
1	0.68817466	0.0	0.14975868	0.16206664
2	0.46380532	0.3179681	0.21822654	0.0
3	0.76551336	0.04328815	0.19119851	0.0
4	0.3549535	0.28170228	0.36334413	0.0
5	0.23154484	0.23124275	0.53721243	0.0
6	0.0	0.20203938	0.36183032	0.43613026
7	0.3119363	0.022668894	0.0	0.6653948
8	0.27069643	0.01149553	0.0	0.71780807

Filter 102
Pos	A	C	G	T
0	0.48603335	0.46984684	0.0	0.0441199
1	0.4324238	0.0	0.16664726	0.40092894
2	0.38351822	0.57014227	0.04633949	0.0
3	0.0	0.19784646	0.5047944	0.2973591
4	0.0	0.47317797	0.33566323	0.19115882
5	0.0	0.43744436	0.3458419	0.21671371
6	0.0	0.43769002	0.50800997	0.054300044
7	0.45580977	0.31883326	0.22535694	0.0
8	0.06808495	0.3343201	0.0	0.597595

Filter 103
Pos	A	C	G	T
0	0.6631577	0.0	0.2582234	0.07861884
1	0.7229155	0.0	0.067740805	0.20934373
2	0.3641408	0.5110297	0.12482941	0.0
3	0.060304936	0.15227206	0.0	0.78742296
4	0.21931672	0.30843577	0.0	0.47224754
5	0.348865	0.29895923	0.0	0.35217574
6	0.0	0.40343654	0.4621461	0.13441737
7	0.6808165	0.15974963	0.0	0.15943396
8	0.59157604	0.0	0.12055683	0.28786716

Filter 104
Pos	A	C	G	T
0	0.0	0.6992932	0.2446665	0.05604024
1	0.0	0.32499433	0.1358705	0.5391352
2	0.0	0.3717853	0.44953027	0.17868444
3	0.15706609	0.44175595	0.0	0.40117794
4	0.06892986	0.5863285	0.34474164	0.0
5	0.53712857	0.11321227	0.0	0.3496592
6	0.30526638	0.3158931	0.37884057	0.0
7	0.17696919	0.0	0.55172306	0.27130774
8	0.44559413	0.0	0.4268544	0.12755145

Filter 105
Pos	A	C	G	T
0	0.45998085	0.30335018	0.23666905	0.0
1	0.25596982	0.3125558	0.0	0.43147442
2	0.3398004	0.2632373	0.3969623	0.0
3	0.37690324	0.23192354	0.39117318	0.0
4	0.5130239	0.21065456	0.27632144	0.0
5	0.78367984	0.0	0.1791904	0.03712972
6	0.4160685	0.20351915	0.38041237	0.0
7	0.0	0.23297977	0.34015018	0.42687008
8	0.0	0.13033031	0.5830698	0.28659987

Filter 106
Pos	A	C	G	T
0	0.0	0.28972507	0.2409332	0.4693417
1	0.44959512	0.3272553	0.22314957	0.0
2	0.0	0.4852018	0.137614	0.3771842
3	0.0	0.5753969	0.27809864	0.14650454
4	0.0	0.1730694	0.5274493	0.29948133
5	0.71801496	0.029313238	0.2526718	0.0
6	0.5926909	0.192097	0.0	0.21521214
7	0.0	0.49858385	0.26249865	0.2389175
8	0.53871197	0.29171333	0.16957471	0.0

Filter 107
Pos	A	C	G	T
0	0.0	0.107538305	0.2662426	0.62621915
1	0.122864366	0.0	0.37274304	0.5043926
2	0.0	0.57366735	0.29985797	0.12647462
3	0.38444445	0.0	0.12437976	0.4911758
4	0.4545095	0.0	0.2910653	0.25442517
5	0.29211357	0.0	0.35850596	0.34938043
6	0.40689722	0.0	0.13763832	0.45546442
7	0.0	0.26421437	0.38147923	0.35430643
8	0.0	0.097469755	0.41226515	0.490265

Filter 108
Pos	A	C	G	T
0	0.0014105014	0.53942245	0.0	0.4591671
1	0.0	0.38691306	0.26057655	0.35251042
2	0.0	0.27835324	0.12167975	0.59996694
3	0.35017312	0.20491372	0.0	0.44491315
4	0.6013448	0.25628543	0.14236975	0.0
5	0.3647325	0.34765515	0.28761232	0.0
6	0.012808314	0.0	0.46476993	0.5224218
7	0.0589123	0.0	0.35608685	0.5850009
8	0.51246905	0.43614352	0.051387403	0.0

Filter 109
Pos	A	C	G	T
0	0.37086993	0.0	0.5769095	0.052220605
1	0.33477026	0.4690231	0.0	0.19620667
2	0.0	0.3506897	0.34116298	0.30814725
3	0.45204744	0.021768322	0.5261842	0.0
4	0.16318516	0.0	0.24594451	0.5908703
5	0.40904343	0.10993415	0.0	0.48102245
6	0.0	0.31627658	0.35000446	0.333719
7	0.0	0.5572493	0.18381275	0.25893793
8	0.24469867	0.0	0.54645294	0.2088484

Filter 110
Pos	A	C	G	T
0	0.3432656	0.0	0.34883583	0.30789855
1	0.18070264	0.013249132	0.8060482	0.0
2	0.41706166	0.0	0.18253052	0.4004078
3	0.31669843	0.0	0.022152698	0.6611489
4	0.5289348	0.10845627	0.0	0.36260885
5	0.34043926	0.5267544	0.0	0.13280639
6	0.16352983	0.8116004	0.0	0.024869774
7	0.0	0.5123502	0.22027875	0.26737106
8	0.0366404	0.0	0.71146363	0.25189602

Filter 111
Pos	A	C	G	T
0	0.0	0.3561193	0.095294215	0.5485864
1	0.43612227	0.2438257	0.32005206	0.0
2	0.26470155	0.0	0.16827859	0.5670198
3	0.1489172	0.0	0.61498404	0.23609881
4	0.0	0.14350604	0.0952725	0.76122147
5	0.32534835	0.0	0.17876938	0.4958823
6	0.5295192	0.0	0.051333204	0.41914752
7	0.3121871	0.0	0.21815954	0.46965337
8	0.18491536	0.14414442	0.67094016	0.0

Filter 112
Pos	A	C	G	T
0	0.0	0.031197706	0.34589225	0.62291
1	0.2296349	0.0	0.72545403	0.044911016
2	0.25282192	0.22812599	0.5190521	0.0
3	0.17049429	0.11562042	0.0	0.7138853
4	0.0	0.18245159	0.5026123	0.3149361
5	0.5835693	0.05935934	0.35707137	0.0
6	0.41956583	0.1965341	0.0	0.3839001
7	0.37928683	0.0	0.017799165	0.602914
8	0.16945772	0.34425387	0.0	0.48628846

Filter 113
Pos	A	C	G	T
0	0.0	0.42686367	0.06565564	0.5074807
1	0.0	0.17174421	0.23228118	0.5959746
2	0.38233858	0.22334956	0.39431185	0.0
3	0.0	0.15019187	0.11096677	0.73884135
4	0.0	0.16452079	0.41346988	0.42200935
5	0.3541803	0.031641155	0.0	0.6141786
6	0.12389331	0.0	0.31803972	0.5580669
7	0.25109068	0.23321292	0.0	0.51569635
8	0.0	0.31574908	0.046089787	0.6381611

Filter 114
Pos	A	C	G	T
0	0.44710207	0.0	0.2819798	0.27091816
1	0.0	0.3181422	0.26403204	0.41782573
2	0.1814897	0.5837013	0.23480894	0.0
3	0.5883697	0.32710066	0.084529534	0.0
4	0.50373566	0.3702506	0.0	0.12601374
5	0.39607602	0.36317375	0.0	0.2407502
6	0.44014207	0.0	0.4970911	0.06276689
7	0.58293897	0.0	0.27146184	0.14559922
8	0.0	0.3919836	0.15867032	0.44934604

Filter 115
Pos	A	C	G	T
0	0.32140687	0.0	0.36855403	0.31003904
1	0.031847976	0.17918834	0.0	0.7889637
2	0.3769252	0.16327806	0.0	0.4597968
3	0.0	0.38372982	0.27283213	0.343438
4	0.61210436	0.0	0.37401953	0.013876071
5	0.15112974	0.34405077	0.0	0.5048195
6	0.38424122	0.5052362	0.110522576	0.0
7	0.33308175	0.28024906	0.0	0.38666916
8	0.0	0.3198794	0.33817455	0.34194598

Filter 116
Pos	A	C	G	T
0	0.6746911	0.0	0.30595687	0.0193521
1	0.26194584	0.22818829	0.5098659	0.0
2	0.35070044	0.0	0.6445374	0.0047622533
3	0.57089585	0.21633881	0.21276535	0.0
4	0.46990195	0.023449298	0.5066487	0.0
5	0.017234322	0.0	0.3312044	0.6515613
6	0.45421097	0.14697462	0.0	0.39881438
7	0.49099222	0.42062494	0.08838284	0.0
8	0.0	0.36161748	0.45658645	0.1817961

Filter 117
Pos	A	C	G	T
0	0.08091683	0.5907855	0.32829767	0.0
1	0.0	0.4783305	0.15898806	0.36268145
2	0.531493	0.29414174	0.17436525	0.0
3	0.0	0.46298838	0.14561619	0.3913954
4	0.0	0.38142863	0.15583116	0.4627402
5	0.3377829	0.42393523	0.23828188	0.0
6	0.12102965	0.4281196	0.4508507	0.0
7	0.1003321	0.0	0.4692428	0.43042508
8	0.0	0.3645989	0.29572105	0.3396801

Filter 118
Pos	A	C	G	T
0	0.28134367	0.24866553	0.46999076	0.0
1	0.0	0.5468911	0.36293453	0.09017439
2	0.0	0.3890165	0.24377173	0.36721173
3	0.0	0.28853843	0.49555996	0.21590166
4	0.04580181	0.23316452	0.7210337	0.0
5	0.33006418	0.39363527	0.27630052	0.0
6	0.0	0.7368527	0.011871397	0.25127587
7	0.39724794	0.4324721	0.17027996	0.0
8	0.0	0.16150266	0.6056123	0.23288506

Filter 119
Pos	A	C	G	T
0	0.61898386	0.0	0.19149728	0.18951888
1	0.52618194	0.0	0.2146815	0.2591366
2	0.26828742	0.0	0.38803554	0.34367698
3	0.48993966	0.0	0.3040074	0.20605293
4	0.33376673	0.0	0.2913042	0.37492913
5	0.9388632	0.0	0.029142497	0.03199432
6	0.45745754	0.07911038	0.46343213	0.0
7	0.39082167	0.19795713	0.41122124	0.0
8	0.28396595	0.26248378	0.45355034	0.0

Filter 120
Pos	A	C	G	T
0	0.0	0.08422695	0.336685	0.5790881
1	0.0	0.4412831	0.10050747	0.45820943
2	0.0	0.048459403	0.59672666	0.35481393
3	0.4286412	0.5285889	0.0	0.04276988
4	0.9000817	0.036751248	0.06316698	0.0
5	0.46915075	0.31472504	0.21612419	0.0
6	0.5241803	0.3785552	0.097264506	0.0
7	0.39239147	0.0	0.32890826	0.27870032
8	0.0	0.34849533	0.2076047	0.44389996

Filter 121
Pos	A	C	G	T
0	0.50525427	0.47667238	0.0	0.018073317
1	0.41451427	0.19824947	0.0	0.38723624
2	0.18516475	0.6624685	0.0	0.15236673
3	0.0	0.27253363	0.15611336	0.571353
4	0.0	0.16166486	0.3043481	0.53398705
5	0.4290613	0.0	0.0676441	0.50329465
6	0.0	0.17310524	0.0870333	0.7398614
7	0.22497706	0.0	0.55066335	0.22435953
8	0.58502406	0.18815582	0.22682014	0.0

Filter 122
Pos	A	C	G	T
0	0.0	0.13715924	0.56715804	0.29568273
1	0.03132637	0.0	0.5734814	0.3951922
2	0.40274817	0.29161587	0.30563602	0.0
3	0.54093903	0.0	0.30581537	0.15324555
4	0.46220288	0.119286396	0.41851068	0.0
5	0.54421943	0.0	0.25329176	0.20248875
6	0.0	0.039527982	0.37138635	0.5890857
7	0.56468093	0.021527706	0.41379133	0.0
8	0.67979646	0.026288914	0.0	0.2939146

Filter 123
Pos	A	C	G	T
0	0.0	0.51156765	0.42476192	0.06367036
1	0.0	0.21979536	0.20188618	0.5783184
2	0.0	0.056829967	0.35344398	0.58972603
3	0.35125318	0.11640566	0.5323412	0.0
4	0.0	0.2956205	0.3889151	0.31546438
5	0.053391047	0.232396	0.71421295	0.0
6	0.061406206	0.0	0.48131835	0.45727542
7	0.0	0.1736546	0.36214107	0.46420437
8	0.28035146	0.0	0.028327908	0.6913206

Filter 124
Pos	A	C	G	T
0	0.32343686	0.3003638	0.37619933	0.0
1	0.32902625	0.12339078	0.547583	0.0
2	0.6349547	0.15672986	0.20831542	0.0
3	0.28362855	0.0	0.5346909	0.18168058
4	0.0	0.18558954	0.6538221	0.16058834
5	0.0	0.3177094	0.40501118	0.2772794
6	0.0	0.08737021	0.2588155	0.6538143
7	0.0	0.40441027	0.21703652	0.37855315
8	0.38461742	0.34348473	0.27189785	0.0

Filter 125
Pos	A	C	G	T
0	0.6592913	0.1507909	0.0	0.18991773
1	0.8687831	0.0	0.04953217	0.08168477
2	0.25670782	0.29595858	0.4473336	0.0
3	0.64082414	0.28623962	0.0	0.07293623
4	0.4387546	0.12838478	0.43286064	0.0
5	0.24579617	0.29845637	0.0	0.45574743
6	0.5744158	0.09849928	0.0	0.32708487
7	0.3412405	0.3456568	0.31310266	0.0
8	0.6326997	0.08536791	0.28193235	0.0

Filter 126
Pos	A	C	G	T
0	0.0	0.31595433	0.34040052	0.3436452
1	0.4636737	0.5151218	0.021204473	0.0
2	0.53108925	0.17064846	0.29826233	0.0
3	0.85096055	0.112952575	0.0	0.036086958
4	0.39336464	0.5263078	0.0	0.080327496
5	0.4967961	0.44765058	0.055553228	0.0
6	0.5368292	0.0	0.06297695	0.40019387
7	0.35104668	0.36269888	0.0	0.28625444
8	0.4406224	0.28336394	0.0	0.27601367

Filter 127
Pos	A	C	G	T
0	0.3905933	0.07833871	0.531068	0.0
1	0.0	0.3444884	0.2094572	0.44605446
2	0.32230097	0.0	0.07905313	0.5986459
3	0.27562153	0.25344184	0.0	0.47093663
4	0.26160797	0.0	0.62755466	0.11083733
5	0.0	0.12832041	0.6297719	0.2419077
6	0.6667867	0.18367848	0.0	0.14953485
7	0.3077742	0.0	0.51330864	0.17891721
8	0.29409653	0.25202104	0.4538824	0.0

