TF	T007242_1.02
TF Name	DDB_G0275333
Gene	DDB_G0275333
Motif	M0101_1.02
Family	ARID/BRIGHT
Species	Dictyostelium_discoideum
Pos	A	C	G	T
1	0.290289789110088	0.221601272432115	0.23064499192053	0.257463946537268
2	0.259313738880155	0.223193403456407	0.23937675120614	0.278116106457298
3	0.198572712865307	0.228412988771562	0.160959912733888	0.412054385629243
4	0.16030124074988	0.212099350580817	0.155563623108793	0.47203578556051
5	0.157961276361824	0.169414761217412	0.0753655230751084	0.597258439345655
6	0.335605630015946	0.0980950347019453	0.378394291207624	0.187905044074485
7	0.893341364927984	0.0326214085213483	0.00497770417779138	0.0690595223728764
8	0.0451041790797326	0.0562032680014128	0.0789626459558511	0.819729906963004
9	0.265738531037486	0.245307581868789	0.137347314407896	0.351606572685829
10	0.282754389500789	0.248285337498826	0.263638445324932	0.205321827675453


TF	T024497_1.02
TF Name	bzpD
Gene	DDB_G0278379
Motif	M0284_1.02
Family	bZIP
Species	Dictyostelium_discoideum
Pos	A	C	G	T
1	0.313062080321558	0.203649730476963	0.332420758219581	0.150867430981898
2	0.171436414658999	0.240859177696193	0.0778055245252346	0.509898883119574
3	0.0500459546720312	0.238159752263727	0.535361209145291	0.176433083918951
4	0.952058683792159	0.000306857035241379	0.0474002108041927	0.00023424836840695
5	0.00130455304189715	0.842067758587328	0.0482241766171083	0.108403511753666
6	0.14753723621836	0.0506065286684574	0.730756714597729	0.0710995205154543
7	0.173062152673325	0.231285017958165	0.106022442570825	0.489630386797685
8	0.21147022730491	0.107134410544384	0.504760580677176	0.176634781473531
9	0.14996324694046	0.14408310392236	0.368850068677894	0.337103580459285
10	0.282001497089195	0.317955800102295	0.189031256523718	0.211011446284792


TF	T024499_1.02
TF Name	bzpF
Gene	DDB_G0279529
Motif	M0285_1.02
Family	bZIP
Species	Dictyostelium_discoideum
Pos	A	C	G	T
1	0.229247815958571	0.312256548247594	0.229247815958571	0.229247815958571
2	0.383818017929647	0.205393992731219	0.205393992731219	0.205393992731219
3	0.6009995788629	0.106264498938849	0.186471419382706	0.106264498938849
4	0.584632010030565	0.000197577486630228	0.000197577486630228	0.414972831119478
5	0.000197577486630228	0.0776828547783799	0.0821806993134953	0.839938864544797
6	0.916398531374388	0.000197577486630228	0.000197577486630228	0.0832063097756543
7	0.000197577486630228	0.916398531374388	0.000197577486630228	0.0832063097756543
8	0.167704360643003	0.000197577486630228	0.831900480507041	0.000197577486630228
9	0.0984350378506359	0.110971266423509	0.0209497605588863	0.769643931290272
10	0.783606122937727	0.0448035837862372	0.126786705613102	0.0448035837862372
11	0.244811764018281	0.221418354870356	0.143933077578607	0.389836799656057


TF	T024496_1.02
TF Name	bzpH
Gene	DDB_G0277681
Motif	M0283_1.02
Family	bZIP
Species	Dictyostelium_discoideum
Pos	A	C	G	T
1	0.00961538461538462	0.00961538461538462	0.00961538461538462	0.971153846153846
2	0.00961538461538462	0.00961538461538462	0.971153846153846	0.00961538461538462
3	0.971153846153846	0.00961538461538462	0.00961538461538462	0.00961538461538462
4	0.00961538461538462	0.971153846153846	0.00961538461538462	0.00961538461538462
5	0.00961538461538462	0.00961538461538462	0.971153846153846	0.00961538461538462
6	0.00961538461538462	0.00961538461538462	0.00961538461538462	0.971153846153846
7	0.00961538461538462	0.971153846153846	0.00961538461538462	0.00961538461538462
8	0.971153846153846	0.00961538461538462	0.00961538461538462	0.00961538461538462


TF	T024495_1.02
TF Name	bzpJ
Gene	DDB_G0274993
Motif	M0282_1.02
Family	bZIP
Species	Dictyostelium_discoideum
Pos	A	C	G	T
1	0.260726744513102	0.148929479667762	0.33477976675094	0.255564009068195
2	0.239924465620956	0.131673338529764	0.232833626052049	0.395568569797231
3	0.317703167804298	0.133102234372049	0.412038796936327	0.137155800887326
4	0.205886867498971	0.763052495845186	0.000266422158067981	0.0307942144977753
5	0.126504546766295	0.555727602194686	0.113327091265568	0.204440759773451
6	0.999982729046168	5.80127883638633e-07	1.42688434724961e-06	1.52639416004778e-05
7	0.0285676017319496	0.908934712854727	0.0393412375034337	0.0231564479098901
8	0.112909324239683	0.105275956132082	0.770149811184852	0.011664908443383
9	0.110223901979631	0.115875202279991	0.0515480184165203	0.722352877323857


TF	T024509_1.02
TF Name	bzpO
Gene	DDB_G0290169
Motif	M0287_1.02
Family	bZIP
Species	Dictyostelium_discoideum
Pos	A	C	G	T
1	0.516019303250096	0.118451178981264	0.168671114088221	0.196858207551201
2	0.166950066322638	0.0659043440531756	0.00375794465726956	0.763387332808632
3	0.245343954406681	0.154562935393313	0.418436303533695	0.181656803142628
4	0.437113182153368	0.0533062785587686	0.240645534921909	0.268934980178152
5	0.0356371007581014	0.670836136869355	0.056852252919062	0.23667446351573
6	0.23667446351573	0.056852252919062	0.670836136869355	0.0356371007581014
7	0.268934980178152	0.240645534921909	0.0533062785587686	0.437113182153368
8	0.181656803142628	0.418436303533695	0.154562935393313	0.245343954406681
9	0.763387332808632	0.00375794465726956	0.0659043440531756	0.166950066322638
10	0.196858207551201	0.168671114088221	0.118451178981264	0.516019303250096


TF	T024506_1.02
TF Name	bzpQ
Gene	DDB_G0288705
Motif	M0286_1.02
Family	bZIP
Species	Dictyostelium_discoideum
Pos	A	C	G	T
1	0.844894360071583	0.0365693918548805	0.0974375443751736	0.0210987036983627
2	4.42572918646959e-05	0.00364102365514581	0.00179008815308518	0.994524630899904
3	0.138156160388764	0.162127756106322	0.62539574549656	0.0743203380083546
4	0.415774132528398	0.0113604970048763	0.454929363635501	0.117936006831224
5	0.000142852068687127	0.910555023611626	0.00159050938160736	0.0877116149380792
6	0.0267823568961205	0.00621983479557142	0.960777973512737	0.00621983479557142
7	0.285221944856502	0.408817003216078	0.0178725788695247	0.288088473057895
8	0.234904177016835	0.259609264969116	0.232566841402896	0.272919716611152
9	0.615549344980473	0.106966437097207	0.108041467662249	0.169442750260071


TF	T024510_1.02
TF Name	bzpS
Gene	DDB_G0290171
Motif	M0288_1.02
Family	bZIP
Species	Dictyostelium_discoideum
Pos	A	C	G	T
1	0.36066643944681	0.22021058406974	0.121216475768622	0.297906351112104
2	0.254610107668579	0.165542382263128	0.139825933373296	0.440021737073811
3	0.254991244611802	0.203750203577389	0.323295963552906	0.217962622694966
4	0.299458287518044	0.167215984852543	0.216011673385529	0.317313892320668
5	0.126397907347524	0.543109890682841	0.0750018905857334	0.255490240458243
6	0.255490240458243	0.0750018905857334	0.543109890682841	0.126397907347524
7	0.317313892320668	0.216011673385529	0.167215984852543	0.299458287518044
8	0.217962622694966	0.323295963552906	0.203750203577389	0.254991244611802
9	0.440021737073811	0.139825933373296	0.165542382263128	0.254610107668579
10	0.297906351112104	0.121216475768622	0.22021058406974	0.36066643944681


TF	T024513_1.02
TF Name	dimB
Gene	DDB_G0291372
Motif	M0289_1.02
Family	bZIP
Species	Dictyostelium_discoideum
Pos	A	C	G	T
1	0.674474266893739	0.094060060890244	0.158211623135858	0.0732540490801587
2	0.0113593579015718	0.0337858436813902	0.00144779526051508	0.953407003156523
3	0.191355245929025	0.266169048286789	0.470657958151699	0.0718177476324876
4	0.413102247748176	0.0253732415396629	0.366388825989076	0.195135684723085
5	0.00694124171760452	0.843433178520905	9.8026314708577e-05	0.149527553446782
6	0.0306202998568483	0.0156686700929182	0.936044653852391	0.0176663761978431
7	0.147392249829562	0.530116820863445	0.0457456817548778	0.276745247552115
8	0.161295124669975	0.274029498499951	0.33806418006835	0.226611196761724
9	0.665336611212097	0.0927857521552826	0.108885088824434	0.132992547808187
10	0.104473372756655	0.286842198233989	0.15430516502356	0.454379263985796


TF	T076572_1.02
TF Name	E2F
Gene	DDB_G0284129
Motif	M0666_1.02
Family	E2F
Species	Dictyostelium_discoideum
Pos	A	C	G	T
1	0.312438680554813	0.229187107838662	0.229187107838662	0.229187107838662
2	0.259291621377966	0.346414561713564	0.241260140405912	0.153033680573354
3	0.0463009253142185	0.0463009253142185	0.766317182951798	0.141080970490562
4	0.000163629948449857	0.720179887586029	0.279492856587869	0.000163629948449857
5	0.000163629948449857	0.000163629948449857	0.999509114225448	0.000163629948449857
6	0.000163629948449857	0.999509114225448	0.000163629948449857	0.000163629948449857
7	0.000163629948449857	0.000163629948449857	0.999509114225448	0.000163629948449857
8	0.000163629948449857	0.999509114225448	0.000163629948449857	0.000163629948449857
9	0.0209765231274875	0.694239717743029	0.263807240072794	0.0209765231274875
10	0.481302199968326	0.229831358914042	0.0971299503927952	0.191736494795635
11	0.301611295795565	0.290663296971372	0.203862705651931	0.203862705651931


TF	T084531_1.02
TF Name	gtaC
Gene	DDB_G0277589
Motif	M0776_1.02
Family	GATA
Species	Dictyostelium_discoideum
Pos	A	C	G	T
1	0.192396313364055	0.0771889400921659	0.0387864823348694	0.691628264208909
2	0.218789013732834	0.780586766541823	0.00031210986267166	0.00031210986267166
3	0.000302663438256659	0.000302663438256659	0.99909200968523	0.000302663438256659
4	0.99909200968523	0.000302663438256659	0.000302663438256659	0.000302663438256659
5	0.000302663438256659	0.000302663438256659	0.000302663438256659	0.99909200968523
6	0.000302663438256659	0.99909200968523	0.000302663438256659	0.000302663438256659
7	0.00034435261707989	0.00034435261707989	0.68904958677686	0.310261707988981
8	0.158088235294118	0.053046218487395	0.578256302521008	0.210609243697479


TF	T084527_1.02
TF Name	gtaE
Gene	DDB_G0267640
Motif	M0773_1.02
Family	GATA
Species	Dictyostelium_discoideum
Pos	A	C	G	T
1	0.160262916563924	0.37495862816544	0.205781658211897	0.258996797058739
2	0.755519644793862	0.212173807178391	0.020033498238177	0.0122730497895698
3	0.0235020145612675	0.00814240950067027	0.950593135440361	0.0177624404977016
4	0.984609369134761	0.00166903394672491	0.000626406964669281	0.0130951899538447
5	0.00268551077755559	0.00293841683136985	0.00421171927638555	0.990164353114689
6	0.0676043711282629	0.546575605115289	0.161365607168026	0.224454416588422
7	0.180545703579039	0.338994523044662	0.248634501116829	0.23182527225947


TF	T084529_1.02
TF Name	gtaG
Gene	DDB_G0270756
Motif	M0774_1.02
Family	GATA
Species	Dictyostelium_discoideum
Pos	A	C	G	T
1	0.180840808203843	0.286465219678832	0.234537885046221	0.298156087071104
2	0.366883863519539	0.113868622542721	0.129676819318882	0.389570694618859
3	0.33540625048319	0.187793411799758	0.258615521334847	0.218184816382205
4	0.102788633527636	0.348164398568777	0.211172382370203	0.337874585533384
5	0.841733336758296	0.112782734255077	0.0316729581762463	0.0138109708103799
6	2.93496705920818e-07	5.3202805818519e-05	0.998601555017224	0.00134494868025129
7	0.984155223999893	0.0120828082114052	0.00294993646714818	0.000812031321553797
8	9.9103528135575e-05	0.00752634673524219	0.0212936682355168	0.971080881501105
9	0.111979736524533	0.491920899792919	0.194089216253115	0.202010147429434
10	0.154421854946587	0.247074071200782	0.264988962735493	0.333515111117139


TF	T084532_1.02
TF Name	gtaH
Gene	DDB_G0277591
Motif	M0777_1.02
Family	GATA
Species	Dictyostelium_discoideum
Pos	A	C	G	T
1	0.151806865184621	0.377137215842708	0.119415509660237	0.351640409312434
2	0.132535061127316	0.809848523698395	0.0200223114251331	0.0375941037491556
3	0.000854550461584225	0.00990282703381319	0.985175969614045	0.00406665289055804
4	0.99015258955491	0.000349189356013509	0.000218244139585941	0.00927997694949017
5	0.0166135699578929	0.000301260430544725	0.00046776924512387	0.982617400366438
6	0.0531465301345012	0.687493804477699	0.10595906265478	0.15340060273302
7	0.160072763818889	0.197478256712997	0.30357493584721	0.338874043620904


TF	T084540_1.02
TF Name	gtaI
Gene	DDB_G0281661
Motif	M0779_1.02
Family	GATA
Species	Dictyostelium_discoideum
Pos	A	C	G	T
1	0.0969716494845361	0.161404639175258	0.225837628865979	0.515786082474227
2	0.292641325536062	0.70687134502924	0.000243664717348928	0.000243664717348928
3	0.000243664717348928	0.000243664717348928	0.999269005847953	0.000243664717348928
4	0.999269005847953	0.000243664717348928	0.000243664717348928	0.000243664717348928
5	0.000243664717348928	0.000243664717348928	0.000243664717348928	0.999269005847953
6	0.000243664717348928	0.999269005847953	0.000243664717348928	0.000243664717348928
7	0.000262881177707676	0.000262881177707676	0.683753943217666	0.315720294426919
8	0.111316568047337	0.148298816568047	0.259245562130178	0.481139053254438


TF	T084543_1.02
TF Name	gtaL
Gene	DDB_G0285139
Motif	M0780_1.02
Family	GATA
Species	Dictyostelium_discoideum
Pos	A	C	G	T
1	0.208124102762594	0.336344034926727	0.148136559806516	0.307395302504163
2	0.193979751020825	0.326279304670081	0.175520137067905	0.304220807241189
3	0.329187628859216	0.570565451111853	0.0214693833316311	0.0787775366972999
4	0.0207951265167829	0.00036961944038894	0.911160130774269	0.0676751232685595
5	0.967400019198867	0.000174577254116557	0.000140101528130414	0.0322853020188857
6	0.00624117214468694	0.000275592489674443	4.88582519383372e-05	0.9934343771137
7	0.0465597037358193	0.555981733293286	0.169141465734471	0.228317097236424
8	0.249036747302097	0.109683666662244	0.449259407096584	0.192020178939075


TF	T084546_1.02
TF Name	gtaN
Gene	DDB_G0287057
Motif	M0781_1.02
Family	GATA
Species	Dictyostelium_discoideum
Pos	A	C	G	T
1	0.219715628501017	0.26569103535534	0.183521919473984	0.331071416669659
2	0.250433781408608	0.265919741586517	0.243032344618878	0.240614132385997
3	0.444512561591767	0.386440656167158	0.0836781853828116	0.0853685968582634
4	0.0843037875181035	0.00651708241529152	0.866469398784251	0.0427097312823538
5	0.921263653177338	0.0132731907043776	0.0077349286871081	0.0577282274311758
6	0.0160678174793716	0.0143940993780027	1.35604671258829e-06	0.969536727095913
7	0.152073655198994	0.546954149382998	0.164739424008905	0.136232771409104
8	0.135108963429323	0.205630648144329	0.261407786722923	0.397852601703425
9	0.296179376147168	0.230664730082753	0.242491163687327	0.230664730082753


TF	T084537_1.02
TF Name	gtaT
Gene	DDB_G0280639
Motif	M0778_1.02
Family	GATA
Species	Dictyostelium_discoideum
Pos	A	C	G	T
1	0.161653091220578	0.236382824111087	0.266520889947291	0.335443194721045
2	0.765710193968842	0.000487143646461382	0.159302316979113	0.0745003454055835
3	0.00914872310126888	0.00239555351765012	0.937872785799324	0.0505829375817575
4	0.997706838159009	0.000341454612590993	0.000358961364938153	0.00159274586346175
5	0.00156087783658903	0.00041281669553738	0.000530067129480663	0.997496238338393
6	0.0121542708682532	0.852080170380682	0.0528617819610796	0.0829037767899854
7	0.0729785267408155	0.304955310645951	0.184964745764578	0.437101416848655
8	0.244458999830729	0.272884220632282	0.256992680768867	0.225664098768122


TF	T084530_1.02
TF Name	stkA
Gene	DDB_G0277147
Motif	M0775_1.02
Family	GATA
Species	Dictyostelium_discoideum
Pos	A	C	G	T
1	0.259701399319103	0.237349207699912	0.270300014482336	0.232649378498649
2	0.237303347108317	0.239688285395983	0.244530309948872	0.278478057546828
3	0.165548758077511	0.372138375415905	0.135539859376503	0.32677300713008
4	0.228699929627731	0.282142085485377	0.455962602097277	0.0331953827896159
5	0.997178548671941	0.000751961495656073	0.00198363266078867	8.58571716141817e-05
6	0.00309470712756288	0.00325337615492825	0.00168151180746556	0.991970404910043
7	0.000480356455312852	0.999018366398119	9.60173057841855e-05	0.00040525984078404
8	0.773790770331743	0.0300031241635782	0.121668668084614	0.0745374374200652
9	0.199450066183304	0.29754453465834	0.303555332975051	0.199450066183304
10	0.311950148341795	0.193029570881011	0.22652229984563	0.268497980931564


TF	T091076_1.02
TF Name	hbx10
Gene	DDB_G0284293
Motif	M0878_1.02
Family	Homeodomain
Species	Dictyostelium_discoideum
Pos	A	C	G	T
1	0.152865003710226	0.204292992905457	0.347079966040397	0.295762037343919
2	0.066889570608636	0.358899734883129	0.0224893768997242	0.551721317608511
3	0.775217536369449	0.104914284889983	0.0466719659017047	0.0731962128388628
4	0.869963757168282	0.0735857617672445	0.0144176269688291	0.0420328540956446
5	8.84084287680634e-05	0.0227419681164516	0.000437889814159728	0.976731733640621
6	0.502327620281839	0.0936207958929022	0.0429163356261387	0.36113524819912
7	0.329862409345131	0.0700126280434379	0.0340788046499734	0.566046157961457
8	0.521290568903419	0.163417389607666	0.171795978338308	0.143496063150607


TF	T091071_1.02
TF Name	hbx2
Gene	DDB_G0275173
Motif	M0875_1.02
Family	Homeodomain
Species	Dictyostelium_discoideum
Pos	A	C	G	T
1	0.298702810162692	0.171429942665132	0.171429942665132	0.358437303407621
2	0.304805176086283	0.135193244143898	0.0256996995715785	0.534301879098818
3	0.715210649359184	0.0934592448363453	0.0939114616064333	0.097418643098615
4	0.000181672850144352	0.000181672850144352	0.000181672850144352	0.999454980350143
5	0.999454980350143	0.000181672850144352	0.000181672850144352	0.000181672850144352
6	0.097418643098615	0.000181672850144352	0.000181672850144352	0.902218010101674
7	0.905485075946327	0.000181672850144352	0.0941515772539607	0.000181672850144352
8	0.0941515772539607	0.0939114616064333	0.000181672850144352	0.811755287190038
9	0.175207146147591	0.0787517299101568	0.575191277160458	0.17084984568237
10	0.224481973003711	0.224481973003711	0.224481973003711	0.326554079889446


TF	T091068_1.02
TF Name	hbx4
Gene	DDB_G0272967
Motif	M0872_1.02
Family	Homeodomain
Species	Dictyostelium_discoideum
Pos	A	C	G	T
1	0.275648816687218	0.194246438076021	0.254455928549542	0.275648816687218
2	0.211473169754435	0.243252046324063	0.248166063623221	0.297108720298281
3	0.151275521692717	0.130204048162082	0.0926753773906445	0.625845052754556
4	0.0751501914539552	0.0686821035499169	0.73471940427734	0.121448300718788
5	0.873116766563589	0.000347173474112745	0.100692296821037	0.0258437631412609
6	0.0410571388413246	0.832942595036703	0.000166121592754437	0.125834144529218
7	0.574569674831716	0.0339069961599508	0.312192932195825	0.0793303968125083
8	0.0905676161497039	0.227260448808584	0.37845482432779	0.303717110713923
9	0.241421367752896	0.280491611974508	0.291938691811686	0.18614832846091
10	0.248579718242128	0.241233077300042	0.203519859923164	0.306667344534667


TF	T091069_1.02
TF Name	hbx5-1
Gene	DDB_G0273127
Motif	M0873_1.02
Family	Homeodomain
Species	Dictyostelium_discoideum
Pos	A	C	G	T
1	0.00247524752475248	0.497524752475247	0.00247524752475248	0.497524752475247
2	0.00198412698412698	0.795634920634921	0.00198412698412698	0.200396825396825
3	0.994047619047619	0.00198412698412698	0.00198412698412698	0.00198412698412698
4	0.994047619047619	0.00198412698412698	0.00198412698412698	0.00198412698412698
5	0.00198412698412698	0.00198412698412698	0.00198412698412698	0.994047619047619
6	0.00198412698412698	0.994047619047619	0.00198412698412698	0.00198412698412698
7	0.994047619047619	0.00198412698412698	0.00198412698412698	0.00198412698412698
8	0.745049504950495	0.00247524752475248	0.00247524752475248	0.25


TF	T091070_1.02
TF Name	hbx5-2
Gene	DDB_G0273645
Motif	M0874_1.02
Family	Homeodomain
Species	Dictyostelium_discoideum
Pos	A	C	G	T
1	0.0387864823348694	0.422811059907834	0.192396313364055	0.346006144393241
2	0.000243664717348928	0.585038986354776	0.000243664717348928	0.414473684210526
3	0.999333925399645	0.00022202486678508	0.00022202486678508	0.00022202486678508
4	0.999333925399645	0.00022202486678508	0.00022202486678508	0.00022202486678508
5	0.00022202486678508	0.00022202486678508	0.00022202486678508	0.999333925399645
6	0.00022202486678508	0.999333925399645	0.00022202486678508	0.00022202486678508
7	0.999333925399645	0.00022202486678508	0.00022202486678508	0.00022202486678508
8	0.529083431257344	0.000293772032902468	0.0884253819036428	0.38219741480611


TF	T091073_1.02
TF Name	hbx7
Gene	DDB_G0278225
Motif	M0876_1.02
Family	Homeodomain
Species	Dictyostelium_discoideum
Pos	A	C	G	T
1	0.322362763167983	0.225879076238351	0.225879076238351	0.225879076238351
2	0.249214997919492	0.152286585061067	0.249557507822103	0.348940901080375
3	0.595512046290988	0.103418379191598	0.197651187208854	0.103418379191598
4	0.654972373355596	0.0502760943026602	0.0502760943026602	0.244475429922122
5	0.317189951904843	0.434079883342048	0.0260379203084199	0.222692236327728
6	0.999484447232283	0.000171848216918368	0.000171848216918368	0.000171848216918368
7	0.000171848216918368	0.000171848216918368	0.000171848216918368	0.999484447232283
8	0.196826164236226	0.000171848216918368	0.802830131212976	0.000171848216918368
9	0.0242927699493264	0.826951052945384	0.0242927699493264	0.124463399039002
10	0.291723727090486	0.409041454173325	0.201349549492616	0.0978852611266108
11	0.14675346699608	0.462786894917838	0.14675346699608	0.243706162973042
12	0.303360040251023	0.199895751885019	0.199895751885019	0.29684844786198
13	0.224133925879259	0.224133925879259	0.224133925879259	0.327598214245263


TF	T091075_1.02
TF Name	hbx9
Gene	DDB_G0280473
Motif	M0877_1.02
Family	Homeodomain
Species	Dictyostelium_discoideum
Pos	A	C	G	T
1	0.27024838012959	0.108261339092873	0.216252699784017	0.405237580993521
2	0.282993966817496	0.0756033182503771	0.132164404223228	0.509238310708899
3	0.000140765765765766	0.0142173423423423	0.000140765765765766	0.985501126126126
4	0.000138811771238201	0.000138811771238201	0.999583564686285	0.000138811771238201
5	0.999583564686285	0.000138811771238201	0.000138811771238201	0.000138811771238201
6	0.000138811771238201	0.999583564686285	0.000138811771238201	0.000138811771238201
7	0.971821210438645	0.000138811771238201	0.0279011660188784	0.000138811771238201
8	0.000181686046511628	0.454396802325581	0.200036337209302	0.345385174418605


TF	T111370_1.02
TF Name	srfA
Gene	DDB_G0281387
Motif	M1297_1.02
Family	MADS box
Species	Dictyostelium_discoideum
Pos	A	C	G	T
1	0.233776860781995	0.598464419542256	0.0834599665336939	0.0842987531420542
2	0.0309479802946153	0.562453092489547	0.0443586504748092	0.362240276741029
3	0.506428643146255	0.0428361953927475	0.155614754688473	0.295120406772524
4	0.524309997623272	0.062307581279725	0.0439074104295981	0.369475010667405
5	0.65713332276115	0.044162981914675	0.0420091278712865	0.256694567452888
6	0.290800358310423	0.112464428211951	0.0668624134935954	0.52987279998403
7	0.281986086425706	0.340991561544287	0.131875425522143	0.245146926507863
8	0.228299183529145	0.247313553074533	0.296088079867178	0.228299183529145
9	0.301158907120955	0.0330373274297213	0.594450860560647	0.0713529048886765
10	0.207355610296791	0.0565109962822526	0.520315440136276	0.21581795328468


TF	T117776_1.02
TF Name	mybA
Gene	DDB_G0293900
Motif	M1354_1.02
Family	Myb/SANT
Species	Dictyostelium_discoideum
Pos	A	C	G	T
1	0.308268236544429	0.17964277612506	0.212931454039579	0.299157533290932
2	0.297587257321828	0.136415787662129	0.168293164264518	0.397703790751524
3	0.368271416055631	0.160584488166187	0.254377710077951	0.216766385700231
4	0.449433164514715	0.0608241646360693	0.206022864320612	0.283719806528603
5	0.0612759856557738	0.850128925136844	0.0201940501753603	0.068401039032022
6	0.127162237001135	0.717278168935386	0.133681984308682	0.0218776097547971
7	0.0201463890139537	0.000750530542620398	0.965865959610112	0.0132371208333141
8	0.00312193171657012	0.00381313600927768	0.0219430826764783	0.971121849597674
9	0.0119080863035194	0.0665010468977439	0.0172397487349261	0.904351118063811
10	0.638973029833113	0.0260459489928071	0.23041044150457	0.10457057966951


TF	T117749_1.02
TF Name	mybAA
Gene	DDB_G0268368
Motif	M1347_1.02
Family	Myb/SANT
Species	Dictyostelium_discoideum
Pos	A	C	G	T
1	0.214801944227497	0.267659704376868	0.317258346091768	0.200280005303868
2	0.320840369347225	0.130443959816375	0.361746506291229	0.186969164545171
3	0.383130705768786	0.098334624639965	0.419211765543661	0.0993229040475879
4	0.230005280444285	0.472530486710747	0.16208198171108	0.135382251133887
5	0.172786518261968	0.396254560339629	0.279235869184566	0.151723052213837
6	0.01576470303351	0.0167395378262458	0.932410767318378	0.0350849918218659
7	0.257980494158699	0.118259809337417	0.185468300023521	0.438291396480364
8	0.0266593625473872	0.0401708016233932	0.00506898400633787	0.928100851822882
9	0.534650045768417	0.0530700327100973	0.133168123052363	0.279111798469123
10	0.32302231487305	0.236919733648566	0.195922937758396	0.244135013719987


TF	T117763_1.02
TF Name	mybE
Gene	DDB_G0281969
Motif	M1349_1.02
Family	Myb/SANT
Species	Dictyostelium_discoideum
Pos	A	C	G	T
1	0.291660629319402	0.180474753481202	0.205529771733395	0.322334845466001
2	0.425471959962396	0.0930557752325191	0.215551324716794	0.26592094008829
3	0.183869516410925	0.33503210263711	0.3061962866717	0.174902094280265
4	0.401419536114171	0.111609604194483	0.241050656706191	0.245920202985155
5	0.223364214553716	0.192251361119172	0.316968908371466	0.267415515955646
6	0.529878288252225	0.0611082777504194	0.282208831884728	0.126804602112627
7	0.0116753511569061	0.203869458621882	0.171997489422772	0.61245770079844
8	0.791336959192973	0.00289713949568611	0.082576395327664	0.123189505983677
9	0.363444818372379	0.246072812795962	0.2117968327602	0.178685536071459
10	0.296451709345389	0.202731883729359	0.213126169676741	0.287690237248511


TF	T117770_1.02
TF Name	mybG
Gene	DDB_G0288783
Motif	M1351_1.02
Family	Myb/SANT
Species	Dictyostelium_discoideum
Pos	A	C	G	T
1	0.676219870664315	0.0883303938859494	0.132422104644327	0.103027630805409
2	0.000116225011622501	0.000116225011622501	0.988028823802882	0.0117387261738726
3	0.988166360294118	0.0116038602941176	0.000114889705882353	0.000114889705882353
4	0.000114889705882353	0.000114889705882353	0.000114889705882353	0.999655330882353
5	0.942210477941177	0.0230928308823529	0.000114889705882353	0.0345818014705882
6	0.0233612273361227	0.046606229660623	0.0117387261738726	0.918293816829382
7	0.0883303938859494	0.132422104644327	0.0883303938859494	0.690917107583774
8	0.295413260672116	0.113760217983651	0.0456403269754768	0.545186194368756


TF	T117771_1.02
TF Name	mybI
Gene	DDB_G0289151
Motif	M1352_1.02
Family	Myb/SANT
Species	Dictyostelium_discoideum
Pos	A	C	G	T
1	0.101558032626533	0.347453340797193	0.333829500438391	0.217159126137884
2	0.0823606397866675	0.254960249861374	0.614683591447498	0.047995518904461
3	0.765303602910203	0.0233424273782936	0.0568418370334201	0.154512132678083
4	0.0382106791784916	0.0131065884169445	0.909700146303466	0.038982586101098
5	0.798043317573088	0.0938936612875736	0.0948373082714979	0.0132257128678407
6	0.029593451161589	0.0138398635694088	0.0149925452229238	0.941574140046078
7	0.285838839874061	0.250993779278557	0.120956158705964	0.342211222141418
8	0.243366090569956	0.215846359334827	0.263635338621485	0.277152211473732
9	0.278747238752339	0.254755794307879	0.219270344206847	0.247226622732936


TF	T117772_1.02
TF Name	mybQ
Gene	DDB_G0289319
Motif	M1353_1.02
Family	Myb/SANT
Species	Dictyostelium_discoideum
Pos	A	C	G	T
1	0.262511006107117	0.232826376184303	0.259898977954117	0.244763639754462
2	0.255334466429449	0.242881657558933	0.23335813154801	0.268425744463608
3	0.284601959223518	0.133098781407165	0.337340082953232	0.244959176416086
4	0.209337242229445	0.101895374924011	0.3701641480367	0.318603234809844
5	0.223360693789433	0.522585143993439	0.122582947810096	0.131471214407033
6	0.19503471730615	0.470209142624683	0.305875323721621	0.0288808163475468
7	0.0512629257047451	0.00100699212732444	0.931659863364733	0.0160702188031973
8	0.0185801600027103	0.0490134301250345	0.150219017308108	0.782187392564147
9	0.0670847682817061	0.0346728520143307	0.030446072931437	0.867796306772526
10	0.451886922698786	0.069646467274702	0.291031636450825	0.187434973575687


TF	T117759_1.02
TF Name	mybV
Gene	DDB_G0279281
Motif	M1348_1.02
Family	Myb/SANT
Species	Dictyostelium_discoideum
Pos	A	C	G	T
1	0.269076023954132	0.241047487252456	0.255953031414991	0.233923457378422
2	0.230394930536097	0.265017251978937	0.262380286262851	0.242207531222115
3	0.236849610848967	0.227562604772562	0.234492917844971	0.301094866533501
4	0.282243828724176	0.224252206029264	0.25538477724368	0.238119188002879
5	0.204134696752706	0.402936932249511	0.0973955044735539	0.295532866524228
6	0.160853602037476	0.837561460704972	0.00158485773781912	7.95197332322882e-08
7	0.235719981015365	0.404497104939564	0.226477268358279	0.133305645686793
8	0.124023969798592	0.78877006414924	0.000677378453081702	0.0865285875990865
9	0.148636229575537	0.337478535055953	0.162633940025984	0.351251295342526
10	0.233723167766386	0.438841092370653	0.128269994107946	0.199165745755015


TF	T117765_1.02
TF Name	mybZ
Gene	DDB_G0284103
Motif	M1350_1.02
Family	Myb/SANT
Species	Dictyostelium_discoideum
Pos	A	C	G	T
1	0.213384153207751	0.238196050804823	0.285172447841911	0.263247348145515
2	0.239926857876901	0.380061893834744	0.12778307736018	0.252228170928175
3	0.0738340124985303	0.881671465906476	0.0443369980751555	0.00015752351983795
4	7.04016062476755e-05	0.99870635682181	0.00114620994485607	7.70316270865758e-05
5	0.0293023278817238	0.00013234633580547	0.970359830671537	0.00020549511093341
6	0.350907700654021	0.15610412115704	0.437257920352653	0.0557302578362863
7	0.156700881519342	0.335069768640695	0.166390722871426	0.341838626968537


TF	T153669_1.02
TF Name	gbfA
Gene	DDB_G0288755
Motif	M1673_1.02
Family	Unknown
Species	Dictyostelium_discoideum
Pos	A	C	G	T
1	0.322758737799632	0.275036853757962	0.137951903972289	0.264252504470117
2	0.408415020662627	0.514031149041365	0.0598764854871661	0.0176773448088414
3	0.207044014301942	0.68057048837631	0.0930308724855314	0.0193546248362166
4	0.0402236301826509	0.957623445819589	8.93186147879438e-05	0.0020636053829719
5	0.469741750330524	0.529632344542318	0.000368683427771721	0.000257221699386686
6	0.000140893499836144	0.944115966245003	2.81628655286008e-05	0.0557149773896325
7	0.478518881653255	0.0956499975695814	0.217173303911636	0.208657816865528
8	0.180003452676887	0.408697810001549	0.189232427045503	0.222066310276062
9	0.232291092938058	0.239365409913827	0.241771072277223	0.286572424870892
10	0.248828512675552	0.239071807140265	0.234337868184728	0.277761811999456


TF	T161723_1.02
TF Name	DDB_G0270590
Gene	DDB_G0270590
Motif	M1714_1.02
Family	Zinc cluster
Species	Dictyostelium_discoideum
Pos	A	C	G	T
1	0.325030979399395	0.201123771891132	0.164666217227873	0.3091790314816
2	0.36222192301248	0.159534000872823	0.181681848295317	0.296562227819379
3	0.313077285708383	0.161814412935452	0.205706434945613	0.319401866410553
4	0.253355416683696	0.195350095814465	0.141853283975592	0.409441203526247
5	0.190412996105966	0.223451720902435	0.336701027146549	0.24943425584505
6	0.00541143669997208	0.961519283522593	0.0223877653772125	0.0106815144002229
7	0.00153643026453135	0.962430364091916	0.0358542358581458	0.000178969785406625
8	0.000966413926801966	0.01097738183051	0.978320139955364	0.0097360642873242
9	0.565291879578734	0.084549925913488	0.22527957781758	0.124878616690198


